14 21
0,1,1, 0,2,1, 0,3,1, 1,2,1, 1,3,1, 2,4,1, 3,4,1, 4,5,1, 5,6,1, 5,7,1, 6,7,1, 6,8,1, 7,8,1, 8,9,1, 9,10,1, 9,11,1, 10,12,1, 10,13,1, 11,12,1, 11,13,1, 12,13,1, 
n 55
s 43
14 21
0,1,1, 0,2,1, 0,3,1, 1,2,1, 1,3,1, 2,4,1, 3,4,1, 4,5,1, 5,6,1, 5,7,1, 6,7,1, 6,8,1, 7,9,1, 8,10,1, 8,11,1, 9,10,1, 9,12,1, 10,13,1, 11,12,1, 11,13,1, 12,13,1, 
n 120
s 57
14 21
0,1,1, 0,2,1, 0,3,1, 1,2,1, 1,3,1, 2,4,1, 3,4,1, 4,5,1, 5,6,1, 5,7,1, 6,7,1, 6,8,1, 7,9,1, 8,9,1, 8,10,1, 9,11,1, 10,12,1, 10,13,1, 11,12,1, 11,13,1, 12,13,1, 
n 100
s 46
14 21
0,1,1, 0,2,1, 0,3,1, 1,2,1, 1,3,1, 2,4,1, 3,4,1, 4,5,1, 5,6,1, 5,7,1, 6,8,1, 6,9,1, 7,8,1, 7,10,1, 8,11,1, 9,10,1, 9,12,1, 10,13,1, 11,12,1, 11,13,1, 12,13,1, 
n 120
s 66
14 21
0,1,1, 0,2,1, 0,3,1, 1,2,1, 1,3,1, 2,4,1, 3,4,1, 4,5,1, 5,6,1, 5,7,1, 6,8,1, 6,9,1, 7,8,1, 7,10,1, 8,11,1, 9,11,1, 9,12,1, 10,12,1, 10,13,1, 11,13,1, 12,13,1, 
n 160
s 76
14 21
0,1,1, 0,2,1, 0,3,1, 1,2,1, 1,3,1, 2,4,1, 3,4,1, 4,5,1, 5,6,1, 5,7,1, 6,8,1, 6,9,1, 7,8,1, 7,10,1, 8,9,1, 9,11,1, 10,12,1, 10,13,1, 11,12,1, 11,13,1, 12,13,1, 
n 120
s 60
14 21
0,1,1, 0,2,1, 0,3,1, 1,2,1, 1,3,1, 2,4,1, 3,4,1, 4,5,1, 5,6,1, 5,7,1, 6,8,1, 6,9,1, 7,8,1, 7,9,1, 8,10,1, 9,11,1, 10,12,1, 10,13,1, 11,12,1, 11,13,1, 12,13,1, 
n 70
s 40
14 21
0,1,1, 0,2,1, 0,3,1, 1,2,1, 1,3,1, 2,4,1, 3,4,1, 4,5,1, 5,6,1, 5,7,1, 6,8,1, 6,9,1, 7,8,1, 7,10,1, 8,11,1, 9,12,1, 9,13,1, 10,12,1, 10,13,1, 11,12,1, 11,13,1, 
n 70
s 34
14 21
0,1,1, 0,2,1, 0,3,1, 1,2,1, 1,3,1, 2,4,1, 3,4,1, 4,5,1, 5,6,1, 5,7,1, 6,8,1, 6,9,1, 7,10,1, 7,11,1, 8,9,1, 8,10,1, 9,12,1, 10,13,1, 11,12,1, 11,13,1, 12,13,1, 
n 160
s 82
14 21
0,1,1, 0,2,1, 0,3,1, 1,2,1, 1,3,1, 2,4,1, 3,4,1, 4,5,1, 5,6,1, 5,7,1, 6,7,1, 6,8,1, 7,9,1, 8,10,1, 8,11,1, 9,12,1, 9,13,1, 10,11,1, 10,12,1, 11,13,1, 12,13,1, 
n 90
s 45
14 21
0,1,1, 0,2,1, 0,3,1, 1,2,1, 1,3,1, 2,4,1, 3,4,1, 4,5,1, 5,6,1, 5,7,1, 6,8,1, 6,9,1, 7,10,1, 7,11,1, 8,10,1, 8,11,1, 9,12,1, 9,13,1, 10,12,1, 11,13,1, 12,13,1, 
n 100
s 46
14 21
0,1,1, 0,2,1, 0,3,1, 1,2,1, 1,3,1, 2,4,1, 3,4,1, 4,5,1, 5,6,1, 5,7,1, 6,8,1, 6,9,1, 7,10,1, 7,11,1, 8,10,1, 8,12,1, 9,11,1, 9,12,1, 10,13,1, 11,13,1, 12,13,1, 
n 80
s 38
14 21
0,1,1, 0,2,1, 0,3,1, 1,2,1, 1,3,1, 2,4,1, 3,4,1, 4,5,1, 5,6,1, 5,7,1, 6,8,1, 6,9,1, 7,10,1, 7,11,1, 8,10,1, 8,12,1, 9,11,1, 9,13,1, 10,12,1, 11,13,1, 12,13,1, 
n 80
s 44
14 21
0,1,1, 0,2,1, 0,3,1, 1,2,1, 1,3,1, 2,4,1, 3,4,1, 4,5,1, 5,6,1, 5,7,1, 6,7,1, 6,8,1, 7,9,1, 8,10,1, 8,11,1, 9,12,1, 9,13,1, 10,12,1, 10,13,1, 11,12,1, 11,13,1, 
n 60
s 27
14 21
0,1,1, 0,2,1, 0,3,1, 1,2,1, 1,3,1, 2,4,1, 3,4,1, 4,5,1, 5,6,1, 5,7,1, 6,8,1, 6,9,1, 7,10,1, 7,11,1, 8,9,1, 8,12,1, 9,13,1, 10,11,1, 10,12,1, 11,13,1, 12,13,1, 
n 80
s 50
14 21
0,1,1, 0,2,1, 0,3,1, 1,2,1, 1,3,1, 2,4,1, 3,4,1, 4,5,1, 5,6,1, 5,7,1, 6,8,1, 6,9,1, 7,10,1, 7,11,1, 8,10,1, 8,12,1, 9,11,1, 9,13,1, 10,13,1, 11,12,1, 12,13,1, 
n 80
s 44
14 21
0,1,1, 0,2,1, 0,3,1, 1,2,1, 1,3,1, 2,4,1, 3,4,1, 4,5,1, 5,6,1, 5,7,1, 6,8,1, 6,9,1, 7,10,1, 7,11,1, 8,10,1, 8,12,1, 9,12,1, 9,13,1, 10,13,1, 11,12,1, 11,13,1, 
n 100
s 46
14 21
0,1,1, 0,2,1, 0,3,1, 1,2,1, 1,3,1, 2,4,1, 3,5,1, 4,5,1, 4,6,1, 5,6,1, 6,7,1, 7,8,1, 7,9,1, 8,10,1, 8,11,1, 9,10,1, 9,12,1, 10,13,1, 11,12,1, 11,13,1, 12,13,1, 
n 120
s 48
14 21
0,1,1, 0,2,1, 0,3,1, 1,2,1, 1,3,1, 2,4,1, 3,5,1, 4,5,1, 4,6,1, 5,6,1, 6,7,1, 7,8,1, 7,9,1, 8,9,1, 8,10,1, 9,11,1, 10,12,1, 10,13,1, 11,12,1, 11,13,1, 12,13,1, 
n 55
s 19
14 21
0,1,1, 0,2,1, 0,3,1, 1,2,1, 1,3,1, 2,4,1, 3,5,1, 4,5,1, 4,6,1, 5,7,1, 6,7,1, 6,8,1, 7,9,1, 8,9,1, 8,10,1, 9,11,1, 10,12,1, 10,13,1, 11,12,1, 11,13,1, 12,13,1, 
n 58
s 0
14 21
0,1,1, 0,2,1, 0,3,1, 1,2,1, 1,3,1, 2,4,1, 3,5,1, 4,5,1, 4,6,1, 5,6,1, 6,7,1, 7,8,1, 7,9,1, 8,10,1, 8,11,1, 9,12,1, 9,13,1, 10,11,1, 10,12,1, 11,13,1, 12,13,1, 
n 90
s 42
14 21
0,1,1, 0,2,1, 0,3,1, 1,2,1, 1,3,1, 2,4,1, 3,5,1, 4,5,1, 4,6,1, 5,6,1, 6,7,1, 7,8,1, 7,9,1, 8,10,1, 8,11,1, 9,12,1, 9,13,1, 10,12,1, 10,13,1, 11,12,1, 11,13,1, 
n 60
s 20
14 21
0,1,1, 0,2,1, 0,3,1, 1,2,1, 1,3,1, 2,4,1, 3,5,1, 4,5,1, 4,6,1, 5,7,1, 6,7,1, 6,8,1, 7,9,1, 8,10,1, 8,11,1, 9,10,1, 9,12,1, 10,13,1, 11,12,1, 11,13,1, 12,13,1, 
n 128
s 0
14 21
0,1,1, 0,2,1, 0,3,1, 1,2,1, 1,3,1, 2,4,1, 3,4,1, 4,5,1, 5,6,1, 5,7,1, 6,8,1, 6,9,1, 7,10,1, 7,11,1, 8,9,1, 8,12,1, 9,13,1, 10,12,1, 10,13,1, 11,12,1, 11,13,1, 
n 70
s 34
14 21
0,1,1, 0,2,1, 0,3,1, 1,2,1, 1,3,1, 2,4,1, 3,5,1, 4,5,1, 4,6,1, 5,7,1, 6,7,1, 6,8,1, 7,9,1, 8,10,1, 8,11,1, 9,12,1, 9,13,1, 10,11,1, 10,12,1, 11,13,1, 12,13,1, 
n 96
s 0
14 21
0,1,1, 0,2,1, 0,3,1, 1,2,1, 1,3,1, 2,4,1, 3,5,1, 4,5,1, 4,6,1, 5,7,1, 6,8,1, 6,9,1, 7,8,1, 7,10,1, 8,11,1, 9,10,1, 9,12,1, 10,13,1, 11,12,1, 11,13,1, 12,13,1, 
n 128
s 0
14 21
0,1,1, 0,2,1, 0,3,1, 1,2,1, 1,3,1, 2,4,1, 3,5,1, 4,5,1, 4,6,1, 5,7,1, 6,8,1, 6,9,1, 7,8,1, 7,10,1, 8,11,1, 9,11,1, 9,12,1, 10,12,1, 10,13,1, 11,13,1, 12,13,1, 
n 192
s 0
14 21
0,1,1, 0,2,1, 0,3,1, 1,2,1, 1,3,1, 2,4,1, 3,5,1, 4,5,1, 4,6,1, 5,7,1, 6,8,1, 6,9,1, 7,8,1, 7,10,1, 8,11,1, 9,12,1, 9,13,1, 10,12,1, 10,13,1, 11,12,1, 11,13,1, 
n 76
s 0
14 21
0,1,1, 0,2,1, 0,3,1, 1,2,1, 1,3,1, 2,4,1, 3,5,1, 4,5,1, 4,6,1, 5,7,1, 6,8,1, 6,9,1, 7,8,1, 7,10,1, 8,9,1, 9,11,1, 10,12,1, 10,13,1, 11,12,1, 11,13,1, 12,13,1, 
n 144
s 0
14 21
0,1,1, 0,2,1, 0,3,1, 1,2,1, 1,3,1, 2,4,1, 3,5,1, 4,5,1, 4,6,1, 5,7,1, 6,8,1, 6,9,1, 7,10,1, 7,11,1, 8,9,1, 8,10,1, 9,12,1, 10,13,1, 11,12,1, 11,13,1, 12,13,1, 
n 192
s 0
14 21
0,1,1, 0,2,1, 0,3,1, 1,2,1, 1,3,1, 2,4,1, 3,4,1, 4,5,1, 5,6,1, 5,7,1, 6,8,1, 6,9,1, 7,10,1, 7,11,1, 8,9,1, 8,12,1, 9,12,1, 10,11,1, 10,13,1, 11,13,1, 12,13,1, 
n 65
s 35
14 21
0,1,1, 0,2,1, 0,3,1, 1,2,1, 1,3,1, 2,4,1, 3,5,1, 4,5,1, 4,6,1, 5,7,1, 6,8,1, 6,9,1, 7,8,1, 7,9,1, 8,10,1, 9,11,1, 10,12,1, 10,13,1, 11,12,1, 11,13,1, 12,13,1, 
n 72
s 0
14 21
0,1,1, 0,2,1, 0,3,1, 1,2,1, 1,3,1, 2,4,1, 3,5,1, 4,5,1, 4,6,1, 5,7,1, 6,7,1, 6,8,1, 7,9,1, 8,10,1, 8,11,1, 9,12,1, 9,13,1, 10,12,1, 10,13,1, 11,12,1, 11,13,1, 
n 62
s 0
14 21
0,1,1, 0,2,1, 0,3,1, 1,2,1, 1,3,1, 2,4,1, 3,5,1, 4,5,1, 4,6,1, 5,7,1, 6,8,1, 6,9,1, 7,10,1, 7,11,1, 8,10,1, 8,11,1, 9,12,1, 9,13,1, 10,12,1, 11,13,1, 12,13,1, 
n 120
s 0
14 21
0,1,1, 0,2,1, 0,3,1, 1,2,1, 1,3,1, 2,4,1, 3,5,1, 4,5,1, 4,6,1, 5,7,1, 6,8,1, 6,9,1, 7,10,1, 7,11,1, 8,10,1, 8,12,1, 9,11,1, 9,13,1, 10,12,1, 11,13,1, 12,13,1, 
n 84
s 0
14 21
0,1,1, 0,2,1, 0,3,1, 1,2,1, 1,3,1, 2,4,1, 3,5,1, 4,5,1, 4,6,1, 5,7,1, 6,8,1, 6,9,1, 7,10,1, 7,11,1, 8,10,1, 8,12,1, 9,11,1, 9,12,1, 10,13,1, 11,13,1, 12,13,1, 
n 84
s 2
14 21
0,1,1, 0,2,1, 0,3,1, 1,2,1, 1,3,1, 2,4,1, 3,5,1, 4,5,1, 4,6,1, 5,7,1, 6,8,1, 6,9,1, 7,10,1, 7,11,1, 8,10,1, 8,12,1, 9,11,1, 9,13,1, 10,13,1, 11,12,1, 12,13,1, 
n 84
s 0
14 21
0,1,1, 0,2,1, 0,3,1, 1,2,1, 1,3,1, 2,4,1, 3,5,1, 4,5,1, 4,6,1, 5,7,1, 6,8,1, 6,9,1, 7,10,1, 7,11,1, 8,10,1, 8,12,1, 9,12,1, 9,13,1, 10,13,1, 11,12,1, 11,13,1, 
n 112
s 0
14 21
0,1,1, 0,2,1, 0,3,1, 1,2,1, 1,3,1, 2,4,1, 3,5,1, 4,6,1, 4,7,1, 5,6,1, 5,7,1, 6,8,1, 7,9,1, 8,10,1, 8,11,1, 9,10,1, 9,12,1, 10,13,1, 11,12,1, 11,13,1, 12,13,1, 
n 88
s 0
14 21
0,1,1, 0,2,1, 0,3,1, 1,2,1, 1,3,1, 2,4,1, 3,5,1, 4,5,1, 4,6,1, 5,7,1, 6,8,1, 6,9,1, 7,10,1, 7,11,1, 8,9,1, 8,12,1, 9,13,1, 10,12,1, 10,13,1, 11,12,1, 11,13,1, 
n 84
s 0
14 21
0,1,1, 0,2,1, 0,3,1, 1,2,1, 1,3,1, 2,4,1, 3,5,1, 4,6,1, 4,7,1, 5,6,1, 5,8,1, 6,7,1, 7,9,1, 8,10,1, 8,11,1, 9,10,1, 9,12,1, 10,13,1, 11,12,1, 11,13,1, 12,13,1, 
n 192
s 0
14 21
0,1,1, 0,2,1, 0,3,1, 1,2,1, 1,3,1, 2,4,1, 3,5,1, 4,5,1, 4,6,1, 5,7,1, 6,8,1, 6,9,1, 7,10,1, 7,11,1, 8,9,1, 8,12,1, 9,13,1, 10,11,1, 10,12,1, 11,13,1, 12,13,1, 
n 88
s 0
14 21
0,1,1, 0,2,1, 0,3,1, 1,2,1, 1,3,1, 2,4,1, 3,5,1, 4,6,1, 4,7,1, 5,6,1, 5,8,1, 6,9,1, 7,8,1, 7,9,1, 8,10,1, 9,11,1, 10,12,1, 10,13,1, 11,12,1, 11,13,1, 12,13,1, 
n 78
s 0
14 21
0,1,1, 0,2,1, 0,3,1, 1,2,1, 1,3,1, 2,4,1, 3,5,1, 4,6,1, 4,7,1, 5,6,1, 5,8,1, 6,7,1, 7,9,1, 8,10,1, 8,11,1, 9,12,1, 9,13,1, 10,11,1, 10,12,1, 11,13,1, 12,13,1, 
n 144
s 0
14 21
0,1,1, 0,2,1, 0,3,1, 1,2,1, 1,3,1, 2,4,1, 3,5,1, 4,6,1, 4,7,1, 5,6,1, 5,8,1, 6,7,1, 7,9,1, 8,10,1, 8,11,1, 9,12,1, 9,13,1, 10,12,1, 10,13,1, 11,12,1, 11,13,1, 
n 84
s 0
14 21
0,1,1, 0,2,1, 0,3,1, 1,2,1, 1,3,1, 2,4,1, 3,5,1, 4,6,1, 4,7,1, 5,6,1, 5,8,1, 6,9,1, 7,8,1, 7,10,1, 8,11,1, 9,10,1, 9,12,1, 10,13,1, 11,12,1, 11,13,1, 12,13,1, 
n 192
s 0
14 21
0,1,1, 0,2,1, 0,3,1, 1,2,1, 1,3,1, 2,4,1, 3,5,1, 4,6,1, 4,7,1, 5,6,1, 5,7,1, 6,8,1, 7,9,1, 8,10,1, 8,11,1, 9,12,1, 9,13,1, 10,11,1, 10,12,1, 11,13,1, 12,13,1, 
n 70
s 0
14 21
0,1,1, 0,2,1, 0,3,1, 1,2,1, 1,3,1, 2,4,1, 3,5,1, 4,6,1, 4,7,1, 5,6,1, 5,8,1, 6,9,1, 7,8,1, 7,10,1, 8,11,1, 9,12,1, 9,13,1, 10,11,1, 10,12,1, 11,13,1, 12,13,1, 
n 128
s 0
14 21
0,1,1, 0,2,1, 0,3,1, 1,2,1, 1,3,1, 2,4,1, 3,5,1, 4,6,1, 4,7,1, 5,6,1, 5,8,1, 6,9,1, 7,8,1, 7,10,1, 8,11,1, 9,12,1, 9,13,1, 10,12,1, 10,13,1, 11,12,1, 11,13,1, 
n 76
s 0
14 21
0,1,1, 0,2,1, 0,3,1, 1,2,1, 1,3,1, 2,4,1, 3,5,1, 4,6,1, 4,7,1, 5,6,1, 5,8,1, 6,9,1, 7,9,1, 7,10,1, 8,10,1, 8,11,1, 9,12,1, 10,13,1, 11,12,1, 11,13,1, 12,13,1, 
n 192
s 0
14 21
0,1,1, 0,2,1, 0,3,1, 1,2,1, 1,3,1, 2,4,1, 3,5,1, 4,6,1, 4,7,1, 5,6,1, 5,8,1, 6,9,1, 7,9,1, 7,10,1, 8,9,1, 8,11,1, 10,12,1, 10,13,1, 11,12,1, 11,13,1, 12,13,1, 
n 53
s 0
14 21
0,1,1, 0,2,1, 0,3,1, 1,2,1, 1,3,1, 2,4,1, 3,5,1, 4,6,1, 4,7,1, 5,6,1, 5,8,1, 6,9,1, 7,9,1, 7,10,1, 8,11,1, 8,12,1, 9,11,1, 10,12,1, 10,13,1, 11,13,1, 12,13,1, 
n 192
s 0
14 21
0,1,1, 0,2,1, 0,3,1, 1,2,1, 1,3,1, 2,4,1, 3,5,1, 4,6,1, 4,7,1, 5,6,1, 5,8,1, 6,9,1, 7,9,1, 7,10,1, 8,11,1, 8,12,1, 9,13,1, 10,11,1, 10,13,1, 11,12,1, 12,13,1, 
n 192
s 0
14 21
0,1,1, 0,2,1, 0,3,1, 1,2,1, 1,3,1, 2,4,1, 3,5,1, 4,6,1, 4,7,1, 5,6,1, 5,8,1, 6,9,1, 7,9,1, 7,10,1, 8,11,1, 8,12,1, 9,13,1, 10,11,1, 10,12,1, 11,13,1, 12,13,1, 
n 120
s 0
14 21
0,1,1, 0,2,1, 0,3,1, 1,2,1, 1,3,1, 2,4,1, 3,5,1, 4,5,1, 4,6,1, 5,7,1, 6,8,1, 6,9,1, 7,10,1, 7,11,1, 8,9,1, 8,12,1, 9,12,1, 10,11,1, 10,13,1, 11,13,1, 12,13,1, 
n 72
s 0
14 21
0,1,1, 0,2,1, 0,3,1, 1,2,1, 1,3,1, 2,4,1, 3,5,1, 4,6,1, 4,7,1, 5,6,1, 5,8,1, 6,9,1, 7,10,1, 7,11,1, 8,10,1, 8,11,1, 9,12,1, 9,13,1, 10,12,1, 11,13,1, 12,13,1, 
n 76
s 0
14 21
0,1,1, 0,2,1, 0,3,1, 1,2,1, 1,3,1, 2,4,1, 3,5,1, 4,6,1, 4,7,1, 5,6,1, 5,8,1, 6,9,1, 7,9,1, 7,10,1, 8,11,1, 8,12,1, 9,10,1, 10,13,1, 11,12,1, 11,13,1, 12,13,1, 
n 144
s 0
14 21
0,1,1, 0,2,1, 0,3,1, 1,2,1, 1,3,1, 2,4,1, 3,5,1, 4,6,1, 4,7,1, 5,6,1, 5,8,1, 6,9,1, 7,8,1, 7,10,1, 8,10,1, 9,11,1, 9,12,1, 10,13,1, 11,12,1, 11,13,1, 12,13,1, 
n 104
s 0
14 21
0,1,1, 0,2,1, 0,3,1, 1,2,1, 1,3,1, 2,4,1, 3,5,1, 4,6,1, 4,7,1, 5,6,1, 5,7,1, 6,8,1, 7,9,1, 8,10,1, 8,11,1, 9,12,1, 9,13,1, 10,12,1, 10,13,1, 11,12,1, 11,13,1, 
n 46
s 0
14 21
0,1,1, 0,2,1, 0,3,1, 1,2,1, 1,3,1, 2,4,1, 3,5,1, 4,6,1, 4,7,1, 5,6,1, 5,8,1, 6,9,1, 7,10,1, 7,11,1, 8,10,1, 8,12,1, 9,11,1, 9,13,1, 10,12,1, 11,13,1, 12,13,1, 
n 192
s 0
14 21
0,1,1, 0,2,1, 0,3,1, 1,2,1, 1,3,1, 2,4,1, 3,5,1, 4,6,1, 4,7,1, 5,6,1, 5,8,1, 6,9,1, 7,10,1, 7,11,1, 8,10,1, 8,12,1, 9,11,1, 9,13,1, 10,13,1, 11,12,1, 12,13,1, 
n 192
s 0
14 21
0,1,1, 0,2,1, 0,3,1, 1,2,1, 1,3,1, 2,4,1, 3,5,1, 4,6,1, 4,7,1, 5,6,1, 5,8,1, 6,9,1, 7,10,1, 7,11,1, 8,10,1, 8,12,1, 9,10,1, 9,13,1, 11,12,1, 11,13,1, 12,13,1, 
n 112
s 0
14 21
0,1,1, 0,2,1, 0,3,1, 1,2,1, 1,3,1, 2,4,1, 3,5,1, 4,6,1, 4,7,1, 5,6,1, 5,8,1, 6,9,1, 7,10,1, 7,11,1, 8,10,1, 8,12,1, 9,11,1, 9,12,1, 10,13,1, 11,13,1, 12,13,1, 
n 112
s 4
14 21
0,1,1, 0,2,1, 0,3,1, 1,2,1, 1,3,1, 2,4,1, 3,5,1, 4,6,1, 4,7,1, 5,6,1, 5,8,1, 6,9,1, 7,10,1, 7,11,1, 8,12,1, 8,13,1, 9,10,1, 9,11,1, 10,12,1, 11,13,1, 12,13,1, 
n 120
s 0
14 21
0,1,1, 0,2,1, 0,3,1, 1,2,1, 1,3,1, 2,4,1, 3,5,1, 4,6,1, 4,7,1, 5,6,1, 5,8,1, 6,9,1, 7,10,1, 7,11,1, 8,12,1, 8,13,1, 9,10,1, 9,12,1, 10,13,1, 11,12,1, 11,13,1, 
n 112
s 0
14 21
0,1,1, 0,2,1, 0,3,1, 1,2,1, 1,3,1, 2,4,1, 3,5,1, 4,6,1, 4,7,1, 5,6,1, 5,8,1, 6,9,1, 7,10,1, 7,11,1, 8,12,1, 8,13,1, 9,10,1, 9,12,1, 10,11,1, 11,13,1, 12,13,1, 
n 112
s 0
14 21
0,1,1, 0,2,1, 0,3,1, 1,2,1, 1,3,1, 2,4,1, 3,5,1, 4,6,1, 4,7,1, 5,8,1, 5,9,1, 6,7,1, 6,8,1, 7,10,1, 8,9,1, 9,11,1, 10,12,1, 10,13,1, 11,12,1, 11,13,1, 12,13,1, 
n 53
s 0
14 21
0,1,1, 0,2,1, 0,3,1, 1,2,1, 1,3,1, 2,4,1, 3,5,1, 4,6,1, 4,7,1, 5,8,1, 5,9,1, 6,7,1, 6,8,1, 7,10,1, 8,11,1, 9,12,1, 9,13,1, 10,12,1, 10,13,1, 11,12,1, 11,13,1, 
n 120
s 0
14 21
0,1,1, 0,2,1, 0,3,1, 1,2,1, 1,3,1, 2,4,1, 3,5,1, 4,6,1, 4,7,1, 5,8,1, 5,9,1, 6,7,1, 6,8,1, 7,10,1, 8,11,1, 9,11,1, 9,12,1, 10,12,1, 10,13,1, 11,13,1, 12,13,1, 
n 192
s 0
14 21
0,1,1, 0,2,1, 0,3,1, 1,2,1, 1,3,1, 2,4,1, 3,5,1, 4,6,1, 4,7,1, 5,8,1, 5,9,1, 6,7,1, 6,8,1, 7,10,1, 8,11,1, 9,10,1, 9,12,1, 10,13,1, 11,12,1, 11,13,1, 12,13,1, 
n 192
s 0
14 21
0,1,1, 0,2,1, 0,3,1, 1,2,1, 1,3,1, 2,4,1, 3,5,1, 4,6,1, 4,7,1, 5,8,1, 5,9,1, 6,7,1, 6,8,1, 7,10,1, 8,11,1, 9,12,1, 9,13,1, 10,11,1, 10,12,1, 11,13,1, 12,13,1, 
n 192
s 0
14 21
0,1,1, 0,2,1, 0,3,1, 1,2,1, 1,3,1, 2,4,1, 3,5,1, 4,6,1, 4,7,1, 5,8,1, 5,9,1, 6,7,1, 6,10,1, 7,11,1, 8,9,1, 8,10,1, 9,12,1, 10,13,1, 11,12,1, 11,13,1, 12,13,1, 
n 112
s 0
14 21
0,1,1, 0,2,1, 0,3,1, 1,2,1, 1,3,1, 2,4,1, 3,5,1, 4,6,1, 4,7,1, 5,8,1, 5,9,1, 6,7,1, 6,10,1, 7,11,1, 8,9,1, 8,12,1, 9,13,1, 10,11,1, 10,12,1, 11,13,1, 12,13,1, 
n 92
s 0
14 21
0,1,1, 0,2,1, 0,3,1, 1,2,1, 1,3,1, 2,4,1, 3,5,1, 4,6,1, 4,7,1, 5,8,1, 5,9,1, 6,7,1, 6,10,1, 7,10,1, 8,11,1, 8,12,1, 9,11,1, 9,13,1, 10,12,1, 11,13,1, 12,13,1, 
n 92
s 0
14 21
0,1,1, 0,2,1, 0,3,1, 1,2,1, 1,3,1, 2,4,1, 3,5,1, 4,6,1, 4,7,1, 5,8,1, 5,9,1, 6,7,1, 6,10,1, 7,11,1, 8,10,1, 8,12,1, 9,10,1, 9,13,1, 11,12,1, 11,13,1, 12,13,1, 
n 128
s 0
14 21
0,1,1, 0,2,1, 0,3,1, 1,2,1, 1,3,1, 2,4,1, 3,5,1, 4,6,1, 4,7,1, 5,8,1, 5,9,1, 6,7,1, 6,10,1, 7,11,1, 8,10,1, 8,11,1, 9,12,1, 9,13,1, 10,12,1, 11,13,1, 12,13,1, 
n 128
s 0
14 21
0,1,1, 0,2,1, 0,3,1, 1,2,1, 1,3,1, 2,4,1, 3,5,1, 4,6,1, 4,7,1, 5,8,1, 5,9,1, 6,7,1, 6,10,1, 7,10,1, 8,11,1, 8,12,1, 9,11,1, 9,12,1, 10,13,1, 11,13,1, 12,13,1, 
n 52
s 0
14 21
0,1,1, 0,2,1, 0,3,1, 1,2,1, 1,3,1, 2,4,1, 3,5,1, 4,6,1, 4,7,1, 5,8,1, 5,9,1, 6,7,1, 6,10,1, 7,10,1, 8,9,1, 8,11,1, 9,12,1, 10,13,1, 11,12,1, 11,13,1, 12,13,1, 
n 82
s 0
14 21
0,1,1, 0,2,1, 0,3,1, 1,2,1, 1,3,1, 2,4,1, 3,5,1, 4,6,1, 4,7,1, 5,8,1, 5,9,1, 6,7,1, 6,10,1, 7,11,1, 8,9,1, 8,12,1, 9,13,1, 10,12,1, 10,13,1, 11,12,1, 11,13,1, 
n 58
s 0
14 21
0,1,1, 0,2,1, 0,3,1, 1,2,1, 1,3,1, 2,4,1, 3,5,1, 4,6,1, 4,7,1, 5,8,1, 5,9,1, 6,7,1, 6,10,1, 7,11,1, 8,10,1, 8,12,1, 9,11,1, 9,13,1, 10,12,1, 11,13,1, 12,13,1, 
n 128
s 0
14 21
0,1,1, 0,2,1, 0,3,1, 1,2,1, 1,3,1, 2,4,1, 3,5,1, 4,6,1, 4,7,1, 5,8,1, 5,9,1, 6,7,1, 6,10,1, 7,11,1, 8,10,1, 8,12,1, 9,12,1, 9,13,1, 10,11,1, 11,13,1, 12,13,1, 
n 192
s 0
14 21
0,1,1, 0,2,1, 0,3,1, 1,2,1, 1,3,1, 2,4,1, 3,5,1, 4,6,1, 4,7,1, 5,8,1, 5,9,1, 6,7,1, 6,10,1, 7,11,1, 8,10,1, 8,12,1, 9,11,1, 9,12,1, 10,13,1, 11,13,1, 12,13,1, 
n 128
s 4
14 21
0,1,1, 0,2,1, 0,3,1, 1,2,1, 1,3,1, 2,4,1, 3,5,1, 4,6,1, 4,7,1, 5,8,1, 5,9,1, 6,8,1, 6,9,1, 7,8,1, 7,10,1, 9,11,1, 10,12,1, 10,13,1, 11,12,1, 11,13,1, 12,13,1, 
n 53
s 0
14 21
0,1,1, 0,2,1, 0,3,1, 1,2,1, 1,3,1, 2,4,1, 3,5,1, 4,6,1, 4,7,1, 5,8,1, 5,9,1, 6,8,1, 6,9,1, 7,10,1, 7,11,1, 8,10,1, 9,12,1, 10,13,1, 11,12,1, 11,13,1, 12,13,1, 
n 192
s 0
14 21
0,1,1, 0,2,1, 0,3,1, 1,2,1, 1,3,1, 2,4,1, 3,5,1, 4,6,1, 4,7,1, 5,8,1, 5,9,1, 6,8,1, 6,9,1, 7,10,1, 7,11,1, 8,12,1, 9,12,1, 10,11,1, 10,13,1, 11,13,1, 12,13,1, 
n 58
s 0
14 21
0,1,1, 0,2,1, 0,3,1, 1,2,1, 1,3,1, 2,4,1, 3,5,1, 4,6,1, 4,7,1, 5,8,1, 5,9,1, 6,8,1, 6,9,1, 7,10,1, 7,11,1, 8,12,1, 9,13,1, 10,11,1, 10,12,1, 11,13,1, 12,13,1, 
n 128
s 0
14 21
0,1,1, 0,2,1, 0,3,1, 1,2,1, 1,3,1, 2,4,1, 3,5,1, 4,6,1, 4,7,1, 5,8,1, 5,9,1, 6,8,1, 6,9,1, 7,10,1, 7,11,1, 8,12,1, 9,13,1, 10,12,1, 10,13,1, 11,12,1, 11,13,1, 
n 76
s 0
14 21
0,1,1, 0,2,1, 0,3,1, 1,2,1, 1,3,1, 2,4,1, 3,5,1, 4,6,1, 4,7,1, 5,8,1, 5,9,1, 6,8,1, 6,10,1, 7,9,1, 7,11,1, 8,10,1, 9,12,1, 10,13,1, 11,12,1, 11,13,1, 12,13,1, 
n 128
s 0
14 21
0,1,1, 0,2,1, 0,3,1, 1,2,1, 1,3,1, 2,4,1, 3,5,1, 4,6,1, 4,7,1, 5,8,1, 5,9,1, 6,7,1, 6,10,1, 7,11,1, 8,10,1, 8,12,1, 9,11,1, 9,13,1, 10,13,1, 11,12,1, 12,13,1, 
n 128
s 0
14 21
0,1,1, 0,2,1, 0,3,1, 1,2,1, 1,3,1, 2,4,1, 3,5,1, 4,6,1, 4,7,1, 5,8,1, 5,9,1, 6,7,1, 6,10,1, 7,11,1, 8,10,1, 8,12,1, 9,12,1, 9,13,1, 10,13,1, 11,12,1, 11,13,1, 
n 192
s 0
14 21
0,1,1, 0,2,1, 0,3,1, 1,2,1, 1,3,1, 2,4,1, 3,5,1, 4,6,1, 4,7,1, 5,8,1, 5,9,1, 6,8,1, 6,10,1, 7,9,1, 7,11,1, 8,11,1, 9,12,1, 10,12,1, 10,13,1, 11,13,1, 12,13,1, 
n 112
s 0
14 21
0,1,1, 0,2,1, 0,3,1, 1,2,1, 1,3,1, 2,4,1, 3,5,1, 4,6,1, 4,7,1, 5,8,1, 5,9,1, 6,8,1, 6,10,1, 7,9,1, 7,10,1, 8,11,1, 9,12,1, 10,13,1, 11,12,1, 11,13,1, 12,13,1, 
n 128
s 4
14 21
0,1,1, 0,2,1, 0,3,1, 1,2,1, 1,3,1, 2,4,1, 3,5,1, 4,6,1, 4,7,1, 5,8,1, 5,9,1, 6,8,1, 6,10,1, 7,9,1, 7,11,1, 8,12,1, 9,13,1, 10,11,1, 10,12,1, 11,13,1, 12,13,1, 
n 84
s 0
14 21
0,1,1, 0,2,1, 0,3,1, 1,2,1, 1,3,1, 2,4,1, 3,5,1, 4,6,1, 4,7,1, 5,8,1, 5,9,1, 6,8,1, 6,10,1, 7,10,1, 7,11,1, 8,10,1, 9,12,1, 9,13,1, 11,12,1, 11,13,1, 12,13,1, 
n 84
s 0
14 21
0,1,1, 0,2,1, 0,3,1, 1,2,1, 1,3,1, 2,4,1, 3,5,1, 4,6,1, 4,7,1, 5,8,1, 5,9,1, 6,8,1, 6,10,1, 7,9,1, 7,11,1, 8,12,1, 9,13,1, 10,12,1, 10,13,1, 11,12,1, 11,13,1, 
n 80
s 0
14 21
0,1,1, 0,2,1, 0,3,1, 1,2,1, 1,3,1, 2,4,1, 3,5,1, 4,6,1, 4,7,1, 5,8,1, 5,9,1, 6,8,1, 6,10,1, 7,10,1, 7,11,1, 8,12,1, 9,10,1, 9,13,1, 11,12,1, 11,13,1, 12,13,1, 
n 192
s 0
14 21
0,1,1, 0,2,1, 0,3,1, 1,2,1, 1,3,1, 2,4,1, 3,5,1, 4,6,1, 4,7,1, 5,8,1, 5,9,1, 6,8,1, 6,10,1, 7,9,1, 7,11,1, 8,12,1, 9,13,1, 10,11,1, 10,13,1, 11,12,1, 12,13,1, 
n 80
s 0
14 21
0,1,1, 0,2,1, 0,3,1, 1,2,1, 1,3,1, 2,4,1, 3,5,1, 4,6,1, 4,7,1, 5,8,1, 5,9,1, 6,8,1, 6,10,1, 7,10,1, 7,11,1, 8,12,1, 9,11,1, 9,12,1, 10,13,1, 11,13,1, 12,13,1, 
n 112
s 0
14 21
0,1,1, 0,2,1, 0,3,1, 1,2,1, 1,3,1, 2,4,1, 3,5,1, 4,6,1, 4,7,1, 5,8,1, 5,9,1, 6,8,1, 6,10,1, 7,10,1, 7,11,1, 8,11,1, 9,12,1, 9,13,1, 10,12,1, 11,13,1, 12,13,1, 
n 192
s 0
14 21
0,1,1, 0,2,1, 0,3,1, 1,2,1, 1,3,1, 2,4,1, 3,5,1, 4,6,1, 4,7,1, 5,8,1, 5,9,1, 6,8,1, 6,10,1, 7,10,1, 7,11,1, 8,12,1, 9,12,1, 9,13,1, 10,13,1, 11,12,1, 11,13,1, 
n 112
s 0
14 21
0,1,1, 0,2,1, 0,3,1, 1,2,1, 1,3,1, 2,4,1, 3,5,1, 4,6,1, 4,7,1, 5,8,1, 5,9,1, 6,8,1, 6,10,1, 7,10,1, 7,11,1, 8,12,1, 9,11,1, 9,13,1, 10,13,1, 11,12,1, 12,13,1, 
n 192
s 0
14 21
0,1,1, 0,2,1, 0,3,1, 1,2,1, 1,3,1, 2,4,1, 3,5,1, 4,6,1, 4,7,1, 5,8,1, 5,9,1, 6,8,1, 6,10,1, 7,10,1, 7,11,1, 8,12,1, 9,11,1, 9,13,1, 10,12,1, 11,13,1, 12,13,1, 
n 192
s 4
14 21
0,1,1, 0,2,1, 0,3,1, 1,2,1, 1,3,1, 2,4,1, 3,5,1, 4,6,1, 4,7,1, 5,8,1, 5,9,1, 6,8,1, 6,10,1, 7,10,1, 7,11,1, 8,12,1, 9,12,1, 9,13,1, 10,11,1, 11,13,1, 12,13,1, 
n 112
s 0
14 21
0,1,1, 0,2,1, 0,3,1, 1,2,1, 1,3,1, 2,4,1, 3,5,1, 4,6,1, 4,7,1, 5,8,1, 5,9,1, 6,8,1, 6,10,1, 7,11,1, 7,12,1, 8,10,1, 9,11,1, 9,12,1, 10,13,1, 11,13,1, 12,13,1, 
n 76
s 0
14 21
0,1,1, 0,2,1, 0,3,1, 1,2,1, 1,3,1, 2,4,1, 3,5,1, 4,6,1, 4,7,1, 5,8,1, 5,9,1, 6,8,1, 6,10,1, 7,11,1, 7,12,1, 8,10,1, 9,11,1, 9,13,1, 10,12,1, 11,13,1, 12,13,1, 
n 192
s 0
14 21
0,1,1, 0,2,1, 0,3,1, 1,2,1, 1,3,1, 2,4,1, 3,5,1, 4,6,1, 4,7,1, 5,8,1, 5,9,1, 6,8,1, 6,10,1, 7,11,1, 7,12,1, 8,11,1, 9,10,1, 9,12,1, 10,13,1, 11,13,1, 12,13,1, 
n 112
s 0
14 21
0,1,1, 0,2,1, 0,3,1, 1,2,1, 1,3,1, 2,4,1, 3,5,1, 4,6,1, 4,7,1, 5,8,1, 5,9,1, 6,8,1, 6,10,1, 7,11,1, 7,12,1, 8,11,1, 9,12,1, 9,13,1, 10,12,1, 10,13,1, 11,13,1, 
n 192
s 0
14 21
0,1,1, 0,2,1, 0,3,1, 1,2,1, 1,3,1, 2,4,1, 3,5,1, 4,6,1, 4,7,1, 5,8,1, 5,9,1, 6,8,1, 6,10,1, 7,11,1, 7,12,1, 8,11,1, 9,10,1, 9,13,1, 10,13,1, 11,12,1, 12,13,1, 
n 112
s 0
14 21
0,1,1, 0,2,1, 0,3,1, 1,2,1, 1,3,1, 2,4,1, 3,5,1, 4,6,1, 4,7,1, 5,8,1, 5,9,1, 6,8,1, 6,10,1, 7,11,1, 7,12,1, 8,11,1, 9,10,1, 9,13,1, 10,12,1, 11,13,1, 12,13,1, 
n 112
s 0
14 21
0,1,1, 0,2,1, 0,3,1, 1,2,1, 1,3,1, 2,4,1, 3,5,1, 4,6,1, 4,7,1, 5,8,1, 5,9,1, 6,8,1, 6,10,1, 7,11,1, 7,12,1, 8,11,1, 9,12,1, 9,13,1, 10,11,1, 10,13,1, 12,13,1, 
n 192
s 0
14 21
0,1,1, 0,2,1, 0,3,1, 1,2,1, 1,3,1, 2,4,1, 3,5,1, 4,6,1, 4,7,1, 5,8,1, 5,9,1, 6,8,1, 6,10,1, 7,11,1, 7,12,1, 8,13,1, 9,11,1, 9,12,1, 10,11,1, 10,13,1, 12,13,1, 
n 112
s 0
14 21
0,1,1, 0,2,1, 0,3,1, 1,2,1, 1,3,1, 2,4,1, 3,5,1, 4,6,1, 4,7,1, 5,8,1, 5,9,1, 6,7,1, 6,10,1, 7,11,1, 8,12,1, 8,13,1, 9,12,1, 9,13,1, 10,11,1, 10,12,1, 11,13,1, 
n 96
s 0
14 21
0,1,1, 0,2,1, 0,3,1, 1,2,1, 1,3,1, 2,4,1, 3,5,1, 4,6,1, 4,7,1, 5,8,1, 5,9,1, 6,10,1, 6,11,1, 7,10,1, 7,11,1, 8,10,1, 8,12,1, 9,12,1, 9,13,1, 11,13,1, 12,13,1, 
n 128
s 0
14 21
0,1,1, 0,2,1, 0,3,1, 1,2,1, 1,3,1, 2,4,1, 3,5,1, 4,6,1, 4,7,1, 5,8,1, 5,9,1, 6,10,1, 6,11,1, 7,10,1, 7,12,1, 8,11,1, 8,13,1, 9,12,1, 9,13,1, 10,11,1, 12,13,1, 
n 104
s 0
14 21
0,1,1, 0,2,1, 0,3,1, 1,2,1, 1,3,1, 2,4,1, 3,5,1, 4,6,1, 4,7,1, 5,8,1, 5,9,1, 6,10,1, 6,11,1, 7,12,1, 7,13,1, 8,10,1, 8,11,1, 9,12,1, 9,13,1, 10,11,1, 12,13,1, 
n 22
s 2
14 21
0,1,1, 0,2,1, 0,3,1, 1,2,1, 1,3,1, 2,4,1, 3,5,1, 4,6,1, 4,7,1, 5,8,1, 5,9,1, 6,10,1, 6,11,1, 7,10,1, 7,12,1, 8,10,1, 8,11,1, 9,12,1, 9,13,1, 11,13,1, 12,13,1, 
n 192
s 0
14 21
0,1,1, 0,2,1, 0,3,1, 1,2,1, 1,3,1, 2,4,1, 3,5,1, 4,6,1, 4,7,1, 5,8,1, 5,9,1, 6,10,1, 6,11,1, 7,10,1, 7,12,1, 8,10,1, 8,13,1, 9,11,1, 9,13,1, 11,12,1, 12,13,1, 
n 192
s 0
14 21
0,1,1, 0,2,1, 0,3,1, 1,2,1, 1,3,1, 2,4,1, 3,5,1, 4,6,1, 4,7,1, 5,8,1, 5,9,1, 6,10,1, 6,11,1, 7,10,1, 7,12,1, 8,11,1, 8,13,1, 9,12,1, 9,13,1, 10,13,1, 11,12,1, 
n 80
s 0
14 21
0,1,1, 0,2,1, 0,3,1, 1,2,1, 1,4,1, 2,5,1, 3,4,1, 3,5,1, 4,6,1, 5,6,1, 6,7,1, 7,8,1, 7,9,1, 8,10,1, 8,11,1, 9,10,1, 9,12,1, 10,13,1, 11,12,1, 11,13,1, 12,13,1, 
n 78
s 33
14 21
0,1,1, 0,2,1, 0,3,1, 1,2,1, 1,4,1, 2,5,1, 3,4,1, 3,5,1, 4,6,1, 5,6,1, 6,7,1, 7,8,1, 7,9,1, 8,10,1, 8,11,1, 9,12,1, 9,13,1, 10,11,1, 10,12,1, 11,13,1, 12,13,1, 
n 108
s 54
14 21
0,1,1, 0,2,1, 0,3,1, 1,2,1, 1,4,1, 2,5,1, 3,4,1, 3,5,1, 4,6,1, 5,6,1, 6,7,1, 7,8,1, 7,9,1, 8,10,1, 8,11,1, 9,12,1, 9,13,1, 10,12,1, 10,13,1, 11,12,1, 11,13,1, 
n 72
s 27
14 21
0,1,1, 0,2,1, 0,3,1, 1,2,1, 1,4,1, 2,5,1, 3,4,1, 3,5,1, 4,6,1, 5,7,1, 6,7,1, 6,8,1, 7,9,1, 8,10,1, 8,11,1, 9,10,1, 9,12,1, 10,13,1, 11,12,1, 11,13,1, 12,13,1, 
n 88
s 0
14 21
0,1,1, 0,2,1, 0,3,1, 1,2,1, 1,3,1, 2,4,1, 3,5,1, 4,6,1, 4,7,1, 5,8,1, 5,9,1, 6,10,1, 6,11,1, 7,10,1, 7,12,1, 8,10,1, 8,13,1, 9,11,1, 9,12,1, 11,13,1, 12,13,1, 
n 112
s 0
14 21
0,1,1, 0,2,1, 0,3,1, 1,2,1, 1,4,1, 2,5,1, 3,4,1, 3,5,1, 4,6,1, 5,7,1, 6,7,1, 6,8,1, 7,9,1, 8,10,1, 8,11,1, 9,12,1, 9,13,1, 10,11,1, 10,12,1, 11,13,1, 12,13,1, 
n 120
s 0
14 21
0,1,1, 0,2,1, 0,3,1, 1,2,1, 1,4,1, 2,5,1, 3,4,1, 3,5,1, 4,6,1, 5,7,1, 6,8,1, 6,9,1, 7,8,1, 7,10,1, 8,11,1, 9,10,1, 9,12,1, 10,13,1, 11,12,1, 11,13,1, 12,13,1, 
n 160
s 0
14 21
0,1,1, 0,2,1, 0,3,1, 1,2,1, 1,4,1, 2,5,1, 3,4,1, 3,5,1, 4,6,1, 5,7,1, 6,7,1, 6,8,1, 7,9,1, 8,10,1, 8,11,1, 9,12,1, 9,13,1, 10,12,1, 10,13,1, 11,12,1, 11,13,1, 
n 76
s 0
14 21
0,1,1, 0,2,1, 0,3,1, 1,2,1, 1,4,1, 2,5,1, 3,4,1, 3,5,1, 4,6,1, 5,7,1, 6,8,1, 6,9,1, 7,8,1, 7,10,1, 8,11,1, 9,11,1, 9,12,1, 10,12,1, 10,13,1, 11,13,1, 12,13,1, 
n 256
s 0
14 21
0,1,1, 0,2,1, 0,3,1, 1,2,1, 1,4,1, 2,5,1, 3,4,1, 3,5,1, 4,6,1, 5,7,1, 6,8,1, 6,9,1, 7,8,1, 7,10,1, 8,11,1, 9,12,1, 9,13,1, 10,12,1, 10,13,1, 11,12,1, 11,13,1, 
n 96
s 0
14 21
0,1,1, 0,2,1, 0,3,1, 1,2,1, 1,3,1, 2,4,1, 3,5,1, 4,6,1, 4,7,1, 5,8,1, 5,9,1, 6,10,1, 6,11,1, 7,12,1, 7,13,1, 8,10,1, 8,12,1, 9,11,1, 9,13,1, 10,11,1, 12,13,1, 
n 80
s 0
14 21
0,1,1, 0,2,1, 0,3,1, 1,2,1, 1,4,1, 2,5,1, 3,4,1, 3,5,1, 4,6,1, 5,7,1, 6,8,1, 6,9,1, 7,10,1, 7,11,1, 8,9,1, 8,10,1, 9,12,1, 10,13,1, 11,12,1, 11,13,1, 12,13,1, 
n 256
s 0
14 21
0,1,1, 0,2,1, 0,3,1, 1,2,1, 1,3,1, 2,4,1, 3,5,1, 4,6,1, 4,7,1, 5,8,1, 5,9,1, 6,10,1, 6,11,1, 7,12,1, 7,13,1, 8,10,1, 8,12,1, 9,11,1, 9,13,1, 10,13,1, 11,12,1, 
n 50
s 16
14 21
0,1,1, 0,2,1, 0,3,1, 1,2,1, 1,3,1, 2,4,1, 3,5,1, 4,6,1, 4,7,1, 5,8,1, 5,9,1, 6,10,1, 6,11,1, 7,12,1, 7,13,1, 8,10,1, 8,11,1, 9,12,1, 9,13,1, 10,12,1, 11,13,1, 
n 52
s 0
14 21
0,1,1, 0,2,1, 0,3,1, 1,2,1, 1,4,1, 2,5,1, 3,4,1, 3,5,1, 4,6,1, 5,7,1, 6,8,1, 6,9,1, 7,10,1, 7,11,1, 8,9,1, 8,12,1, 9,13,1, 10,11,1, 10,12,1, 11,13,1, 12,13,1, 
n 112
s 0
14 21
0,1,1, 0,2,1, 0,3,1, 1,2,1, 1,4,1, 2,5,1, 3,4,1, 3,5,1, 4,6,1, 5,7,1, 6,8,1, 6,9,1, 7,10,1, 7,11,1, 8,10,1, 8,12,1, 9,11,1, 9,12,1, 10,13,1, 11,13,1, 12,13,1, 
n 104
s 3
14 21
0,1,1, 0,2,1, 0,3,1, 1,2,1, 1,4,1, 2,5,1, 3,4,1, 3,5,1, 4,6,1, 5,7,1, 6,8,1, 6,9,1, 7,10,1, 7,11,1, 8,10,1, 8,12,1, 9,11,1, 9,13,1, 10,12,1, 11,13,1, 12,13,1, 
n 104
s 0
14 21
0,1,1, 0,2,1, 0,3,1, 1,2,1, 1,4,1, 2,5,1, 3,4,1, 3,5,1, 4,6,1, 5,7,1, 6,8,1, 6,9,1, 7,10,1, 7,11,1, 8,10,1, 8,11,1, 9,12,1, 9,13,1, 10,12,1, 11,13,1, 12,13,1, 
n 160
s 0
14 21
0,1,1, 0,2,1, 0,3,1, 1,2,1, 1,4,1, 2,5,1, 3,4,1, 3,6,1, 4,6,1, 5,6,1, 5,7,1, 7,8,1, 7,9,1, 8,10,1, 8,11,1, 9,12,1, 9,13,1, 10,11,1, 10,12,1, 11,13,1, 12,13,1, 
n 45
s 24
14 21
0,1,1, 0,2,1, 0,3,1, 1,2,1, 1,4,1, 2,5,1, 3,4,1, 3,6,1, 4,6,1, 5,6,1, 5,7,1, 7,8,1, 7,9,1, 8,10,1, 8,11,1, 9,12,1, 9,13,1, 10,12,1, 10,13,1, 11,12,1, 11,13,1, 
n 54
s 24
14 21
0,1,1, 0,2,1, 0,3,1, 1,2,1, 1,4,1, 2,5,1, 3,4,1, 3,6,1, 4,6,1, 5,7,1, 5,8,1, 6,7,1, 7,9,1, 8,10,1, 8,11,1, 9,12,1, 9,13,1, 10,11,1, 10,12,1, 11,13,1, 12,13,1, 
n 51
s 0
14 21
0,1,1, 0,2,1, 0,3,1, 1,2,1, 1,4,1, 2,5,1, 3,4,1, 3,5,1, 4,6,1, 5,7,1, 6,8,1, 6,9,1, 7,10,1, 7,11,1, 8,10,1, 8,12,1, 9,11,1, 9,13,1, 10,13,1, 11,12,1, 12,13,1, 
n 104
s 0
14 21
0,1,1, 0,2,1, 0,3,1, 1,2,1, 1,3,1, 2,4,1, 3,5,1, 4,6,1, 4,7,1, 5,8,1, 5,9,1, 6,10,1, 6,11,1, 7,10,1, 7,11,1, 8,12,1, 8,13,1, 9,12,1, 9,13,1, 10,12,1, 11,13,1, 
n 40
s 0
14 21
0,1,1, 0,2,1, 0,3,1, 1,2,1, 1,4,1, 2,5,1, 3,4,1, 3,6,1, 4,6,1, 5,7,1, 5,8,1, 6,7,1, 7,9,1, 8,10,1, 8,11,1, 9,12,1, 9,13,1, 10,12,1, 10,13,1, 11,12,1, 11,13,1, 
n 57
s 0
14 21
0,1,1, 0,2,1, 0,3,1, 1,2,1, 1,4,1, 2,5,1, 3,4,1, 3,5,1, 4,6,1, 5,7,1, 6,8,1, 6,9,1, 7,10,1, 7,11,1, 8,10,1, 8,12,1, 9,12,1, 9,13,1, 10,13,1, 11,12,1, 11,13,1, 
n 144
s 0
14 21
0,1,1, 0,2,1, 0,3,1, 1,2,1, 1,4,1, 2,5,1, 3,4,1, 3,6,1, 4,6,1, 5,7,1, 5,8,1, 6,9,1, 7,9,1, 7,10,1, 8,10,1, 8,11,1, 9,12,1, 10,13,1, 11,12,1, 11,13,1, 12,13,1, 
n 192
s 0
14 21
0,1,1, 0,2,1, 0,3,1, 1,2,1, 1,4,1, 2,5,1, 3,4,1, 3,5,1, 4,6,1, 5,7,1, 6,8,1, 6,9,1, 7,10,1, 7,11,1, 8,9,1, 8,12,1, 9,13,1, 10,12,1, 10,13,1, 11,12,1, 11,13,1, 
n 112
s 0
14 21
0,1,1, 0,2,1, 0,3,1, 1,2,1, 1,4,1, 2,5,1, 3,4,1, 3,6,1, 4,6,1, 5,7,1, 5,8,1, 6,9,1, 7,9,1, 7,10,1, 8,11,1, 8,12,1, 9,13,1, 10,11,1, 10,12,1, 11,13,1, 12,13,1, 
n 72
s 0
14 21
0,1,1, 0,2,1, 0,3,1, 1,2,1, 1,4,1, 2,5,1, 3,4,1, 3,6,1, 4,6,1, 5,7,1, 5,8,1, 6,9,1, 7,9,1, 7,10,1, 8,11,1, 8,12,1, 9,11,1, 10,12,1, 10,13,1, 11,13,1, 12,13,1, 
n 120
s 0
14 21
0,1,1, 0,2,1, 0,3,1, 1,2,1, 1,4,1, 2,5,1, 3,4,1, 3,6,1, 4,6,1, 5,7,1, 5,8,1, 6,9,1, 7,8,1, 7,10,1, 8,11,1, 9,10,1, 9,12,1, 10,13,1, 11,12,1, 11,13,1, 12,13,1, 
n 192
s 0
14 21
0,1,1, 0,2,1, 0,3,1, 1,2,1, 1,4,1, 2,5,1, 3,4,1, 3,6,1, 4,6,1, 5,7,1, 5,8,1, 6,9,1, 7,8,1, 7,10,1, 8,11,1, 9,12,1, 9,13,1, 10,11,1, 10,12,1, 11,13,1, 12,13,1, 
n 92
s 0
14 21
0,1,1, 0,2,1, 0,3,1, 1,2,1, 1,4,1, 2,5,1, 3,4,1, 3,6,1, 4,6,1, 5,7,1, 5,8,1, 6,9,1, 7,10,1, 7,11,1, 8,10,1, 8,12,1, 9,10,1, 9,13,1, 11,12,1, 11,13,1, 12,13,1, 
n 128
s 0
14 21
0,1,1, 0,2,1, 0,3,1, 1,2,1, 1,4,1, 2,5,1, 3,4,1, 3,6,1, 4,6,1, 5,7,1, 5,8,1, 6,9,1, 7,10,1, 7,11,1, 8,12,1, 8,13,1, 9,10,1, 9,12,1, 10,11,1, 11,13,1, 12,13,1, 
n 82
s 0
14 21
0,1,1, 0,2,1, 0,3,1, 1,2,1, 1,4,1, 2,5,1, 3,4,1, 3,6,1, 4,6,1, 5,7,1, 5,8,1, 6,9,1, 7,10,1, 7,11,1, 8,10,1, 8,12,1, 9,11,1, 9,12,1, 10,13,1, 11,13,1, 12,13,1, 
n 82
s 3
14 21
0,1,1, 0,2,1, 0,3,1, 1,2,1, 1,4,1, 2,5,1, 3,4,1, 3,6,1, 4,6,1, 5,7,1, 5,8,1, 6,9,1, 7,10,1, 7,11,1, 8,10,1, 8,12,1, 9,11,1, 9,13,1, 10,13,1, 11,12,1, 12,13,1, 
n 108
s 0
14 21
0,1,1, 0,2,1, 0,3,1, 1,2,1, 1,4,1, 2,5,1, 3,4,1, 3,6,1, 4,7,1, 5,6,1, 5,8,1, 6,9,1, 7,8,1, 7,10,1, 8,11,1, 9,10,1, 9,12,1, 10,13,1, 11,12,1, 11,13,1, 12,13,1, 
n 136
s 0
14 21
0,1,1, 0,2,1, 0,3,1, 1,2,1, 1,4,1, 2,5,1, 3,4,1, 3,6,1, 4,6,1, 5,7,1, 5,8,1, 6,9,1, 7,8,1, 7,10,1, 8,11,1, 9,12,1, 9,13,1, 10,12,1, 10,13,1, 11,12,1, 11,13,1, 
n 96
s 0
14 21
0,1,1, 0,2,1, 0,3,1, 1,2,1, 1,4,1, 2,5,1, 3,4,1, 3,6,1, 4,7,1, 5,6,1, 5,8,1, 6,9,1, 7,8,1, 7,10,1, 8,11,1, 9,12,1, 9,13,1, 10,11,1, 10,12,1, 11,13,1, 12,13,1, 
n 256
s 0
14 21
0,1,1, 0,2,1, 0,3,1, 1,2,1, 1,4,1, 2,5,1, 3,4,1, 3,6,1, 4,7,1, 5,6,1, 5,8,1, 6,9,1, 7,8,1, 7,10,1, 8,11,1, 9,11,1, 9,12,1, 10,12,1, 10,13,1, 11,13,1, 12,13,1, 
n 256
s 0
14 21
0,1,1, 0,2,1, 0,3,1, 1,2,1, 1,4,1, 2,5,1, 3,4,1, 3,6,1, 4,7,1, 5,6,1, 5,8,1, 6,7,1, 7,9,1, 8,10,1, 8,11,1, 9,12,1, 9,13,1, 10,12,1, 10,13,1, 11,12,1, 11,13,1, 
n 112
s 0
14 21
0,1,1, 0,2,1, 0,3,1, 1,2,1, 1,4,1, 2,5,1, 3,4,1, 3,6,1, 4,7,1, 5,6,1, 5,8,1, 6,9,1, 7,9,1, 7,10,1, 8,11,1, 8,12,1, 9,11,1, 10,12,1, 10,13,1, 11,13,1, 12,13,1, 
n 136
s 0
14 21
0,1,1, 0,2,1, 0,3,1, 1,2,1, 1,4,1, 2,5,1, 3,4,1, 3,6,1, 4,7,1, 5,6,1, 5,8,1, 6,9,1, 7,8,1, 7,10,1, 8,11,1, 9,12,1, 9,13,1, 10,12,1, 10,13,1, 11,12,1, 11,13,1, 
n 160
s 0
14 21
0,1,1, 0,2,1, 0,3,1, 1,2,1, 1,4,1, 2,5,1, 3,4,1, 3,6,1, 4,7,1, 5,6,1, 5,7,1, 6,8,1, 7,9,1, 8,10,1, 8,11,1, 9,12,1, 9,13,1, 10,12,1, 10,13,1, 11,12,1, 11,13,1, 
n 76
s 0
14 21
0,1,1, 0,2,1, 0,3,1, 1,2,1, 1,4,1, 2,5,1, 3,4,1, 3,6,1, 4,7,1, 5,6,1, 5,8,1, 6,9,1, 7,9,1, 7,10,1, 8,11,1, 8,12,1, 9,13,1, 10,11,1, 10,12,1, 11,13,1, 12,13,1, 
n 160
s 0
14 21
0,1,1, 0,2,1, 0,3,1, 1,2,1, 1,4,1, 2,5,1, 3,4,1, 3,6,1, 4,7,1, 5,6,1, 5,8,1, 6,9,1, 7,9,1, 7,10,1, 8,11,1, 8,12,1, 9,13,1, 10,11,1, 10,13,1, 11,12,1, 12,13,1, 
n 256
s 0
14 21
0,1,1, 0,2,1, 0,3,1, 1,2,1, 1,4,1, 2,5,1, 3,4,1, 3,6,1, 4,7,1, 5,6,1, 5,8,1, 6,9,1, 7,10,1, 7,11,1, 8,9,1, 8,12,1, 9,10,1, 10,13,1, 11,12,1, 11,13,1, 12,13,1, 
n 144
s 0
14 21
0,1,1, 0,2,1, 0,3,1, 1,2,1, 1,4,1, 2,5,1, 3,4,1, 3,6,1, 4,7,1, 5,6,1, 5,8,1, 6,9,1, 7,10,1, 7,11,1, 8,9,1, 8,12,1, 9,13,1, 10,11,1, 10,12,1, 11,13,1, 12,13,1, 
n 256
s 0
14 21
0,1,1, 0,2,1, 0,3,1, 1,2,1, 1,4,1, 2,5,1, 3,4,1, 3,6,1, 4,6,1, 5,7,1, 5,8,1, 6,9,1, 7,10,1, 7,11,1, 8,12,1, 8,13,1, 9,10,1, 9,12,1, 10,13,1, 11,12,1, 11,13,1, 
n 82
s 0
14 21
0,1,1, 0,2,1, 0,3,1, 1,2,1, 1,4,1, 2,5,1, 3,4,1, 3,6,1, 4,7,1, 5,6,1, 5,8,1, 6,9,1, 7,10,1, 7,11,1, 8,9,1, 8,10,1, 9,12,1, 10,13,1, 11,12,1, 11,13,1, 12,13,1, 
n 136
s 0
14 21
0,1,1, 0,2,1, 0,3,1, 1,2,1, 1,4,1, 2,5,1, 3,4,1, 3,6,1, 4,7,1, 5,6,1, 5,8,1, 6,9,1, 7,10,1, 7,11,1, 8,10,1, 8,12,1, 9,10,1, 9,13,1, 11,12,1, 11,13,1, 12,13,1, 
n 256
s 0
14 21
0,1,1, 0,2,1, 0,3,1, 1,2,1, 1,4,1, 2,5,1, 3,4,1, 3,6,1, 4,7,1, 5,6,1, 5,8,1, 6,9,1, 7,10,1, 7,11,1, 8,10,1, 8,12,1, 9,11,1, 9,13,1, 10,12,1, 11,13,1, 12,13,1, 
n 256
s 0
14 21
0,1,1, 0,2,1, 0,3,1, 1,2,1, 1,4,1, 2,5,1, 3,4,1, 3,6,1, 4,7,1, 5,6,1, 5,8,1, 6,9,1, 7,10,1, 7,11,1, 8,10,1, 8,12,1, 9,11,1, 9,12,1, 10,13,1, 11,13,1, 12,13,1, 
n 256
s 4
14 21
0,1,1, 0,2,1, 0,3,1, 1,2,1, 1,4,1, 2,5,1, 3,4,1, 3,6,1, 4,7,1, 5,6,1, 5,8,1, 6,9,1, 7,10,1, 7,11,1, 8,10,1, 8,12,1, 9,11,1, 9,13,1, 10,13,1, 11,12,1, 12,13,1, 
n 256
s 0
14 21
0,1,1, 0,2,1, 0,3,1, 1,2,1, 1,4,1, 2,5,1, 3,4,1, 3,6,1, 4,7,1, 5,6,1, 5,8,1, 6,9,1, 7,10,1, 7,11,1, 8,9,1, 8,12,1, 9,13,1, 10,12,1, 10,13,1, 11,12,1, 11,13,1, 
n 160
s 0
14 21
0,1,1, 0,2,1, 0,3,1, 1,2,1, 1,4,1, 2,5,1, 3,4,1, 3,6,1, 4,7,1, 5,6,1, 5,8,1, 6,9,1, 7,10,1, 7,11,1, 8,12,1, 8,13,1, 9,10,1, 9,11,1, 10,12,1, 11,13,1, 12,13,1, 
n 160
s 0
14 21
0,1,1, 0,2,1, 0,3,1, 1,2,1, 1,4,1, 2,5,1, 3,4,1, 3,6,1, 4,7,1, 5,6,1, 5,8,1, 6,9,1, 7,10,1, 7,11,1, 8,10,1, 8,11,1, 9,12,1, 9,13,1, 10,12,1, 11,13,1, 12,13,1, 
n 160
s 0
14 21
0,1,1, 0,2,1, 0,3,1, 1,2,1, 1,4,1, 2,5,1, 3,4,1, 3,6,1, 4,7,1, 5,6,1, 5,8,1, 6,9,1, 7,10,1, 7,11,1, 8,12,1, 8,13,1, 9,10,1, 9,12,1, 10,11,1, 11,13,1, 12,13,1, 
n 256
s 0
14 21
0,1,1, 0,2,1, 0,3,1, 1,2,1, 1,4,1, 2,5,1, 3,4,1, 3,6,1, 4,7,1, 5,6,1, 5,8,1, 6,9,1, 7,10,1, 7,11,1, 8,10,1, 8,12,1, 9,12,1, 9,13,1, 10,11,1, 11,13,1, 12,13,1, 
n 256
s 0
14 21
0,1,1, 0,2,1, 0,3,1, 1,2,1, 1,4,1, 2,5,1, 3,4,1, 3,6,1, 4,7,1, 5,6,1, 5,8,1, 6,9,1, 7,10,1, 7,11,1, 8,12,1, 8,13,1, 9,10,1, 9,12,1, 10,13,1, 11,12,1, 11,13,1, 
n 256
s 0
14 21
0,1,1, 0,2,1, 0,3,1, 1,2,1, 1,4,1, 2,5,1, 3,4,1, 3,6,1, 4,7,1, 5,8,1, 5,9,1, 6,7,1, 6,8,1, 7,10,1, 8,11,1, 9,12,1, 9,13,1, 10,12,1, 10,13,1, 11,12,1, 11,13,1, 
n 160
s 0
14 21
0,1,1, 0,2,1, 0,3,1, 1,2,1, 1,4,1, 2,5,1, 3,4,1, 3,6,1, 4,7,1, 5,8,1, 5,9,1, 6,7,1, 6,8,1, 7,10,1, 8,11,1, 9,11,1, 9,12,1, 10,12,1, 10,13,1, 11,13,1, 12,13,1, 
n 136
s 0
14 21
0,1,1, 0,2,1, 0,3,1, 1,2,1, 1,4,1, 2,5,1, 3,4,1, 3,6,1, 4,7,1, 5,6,1, 5,8,1, 6,9,1, 7,10,1, 7,11,1, 8,10,1, 8,12,1, 9,12,1, 9,13,1, 10,13,1, 11,12,1, 11,13,1, 
n 256
s 0
14 21
0,1,1, 0,2,1, 0,3,1, 1,2,1, 1,4,1, 2,5,1, 3,4,1, 3,6,1, 4,7,1, 5,6,1, 5,8,1, 6,9,1, 7,10,1, 7,11,1, 8,12,1, 8,13,1, 9,12,1, 9,13,1, 10,11,1, 10,12,1, 11,13,1, 
n 160
s 0
14 21
0,1,1, 0,2,1, 0,3,1, 1,2,1, 1,4,1, 2,5,1, 3,4,1, 3,6,1, 4,7,1, 5,8,1, 5,9,1, 6,7,1, 6,10,1, 7,11,1, 8,9,1, 8,10,1, 9,12,1, 10,13,1, 11,12,1, 11,13,1, 12,13,1, 
n 256
s 0
14 21
0,1,1, 0,2,1, 0,3,1, 1,2,1, 1,4,1, 2,5,1, 3,4,1, 3,6,1, 4,7,1, 5,6,1, 5,8,1, 6,8,1, 7,9,1, 7,10,1, 8,11,1, 9,12,1, 9,13,1, 10,12,1, 10,13,1, 11,12,1, 11,13,1, 
n 112
s 0
14 21
0,1,1, 0,2,1, 0,3,1, 1,2,1, 1,4,1, 2,5,1, 3,4,1, 3,6,1, 4,7,1, 5,8,1, 5,9,1, 6,7,1, 6,10,1, 7,11,1, 8,10,1, 8,12,1, 9,10,1, 9,13,1, 11,12,1, 11,13,1, 12,13,1, 
n 160
s 0
14 21
0,1,1, 0,2,1, 0,3,1, 1,2,1, 1,4,1, 2,5,1, 3,4,1, 3,6,1, 4,7,1, 5,8,1, 5,9,1, 6,7,1, 6,10,1, 7,11,1, 8,10,1, 8,11,1, 9,12,1, 9,13,1, 10,12,1, 11,13,1, 12,13,1, 
n 160
s 0
14 21
0,1,1, 0,2,1, 0,3,1, 1,2,1, 1,4,1, 2,5,1, 3,4,1, 3,6,1, 4,7,1, 5,8,1, 5,9,1, 6,7,1, 6,10,1, 7,11,1, 8,9,1, 8,12,1, 9,13,1, 10,11,1, 10,12,1, 11,13,1, 12,13,1, 
n 108
s 0
14 21
0,1,1, 0,2,1, 0,3,1, 1,2,1, 1,4,1, 2,5,1, 3,4,1, 3,6,1, 4,7,1, 5,8,1, 5,9,1, 6,7,1, 6,10,1, 7,11,1, 8,10,1, 8,12,1, 9,11,1, 9,12,1, 10,13,1, 11,13,1, 12,13,1, 
n 160
s 4
14 21
0,1,1, 0,2,1, 0,3,1, 1,2,1, 1,4,1, 2,5,1, 3,4,1, 3,6,1, 4,7,1, 5,8,1, 5,9,1, 6,7,1, 6,10,1, 7,11,1, 8,10,1, 8,12,1, 9,11,1, 9,13,1, 10,12,1, 11,13,1, 12,13,1, 
n 160
s 0
14 21
0,1,1, 0,2,1, 0,3,1, 1,2,1, 1,4,1, 2,5,1, 3,4,1, 3,6,1, 4,7,1, 5,8,1, 5,9,1, 6,7,1, 6,10,1, 7,11,1, 8,10,1, 8,12,1, 9,12,1, 9,13,1, 10,13,1, 11,12,1, 11,13,1, 
n 256
s 0
14 21
0,1,1, 0,2,1, 0,3,1, 1,2,1, 1,4,1, 2,5,1, 3,4,1, 3,6,1, 4,7,1, 5,8,1, 5,9,1, 6,8,1, 6,9,1, 7,10,1, 7,11,1, 8,10,1, 9,12,1, 10,13,1, 11,12,1, 11,13,1, 12,13,1, 
n 144
s 0
14 21
0,1,1, 0,2,1, 0,3,1, 1,2,1, 1,4,1, 2,5,1, 3,4,1, 3,6,1, 4,7,1, 5,8,1, 5,9,1, 6,7,1, 6,10,1, 7,11,1, 8,10,1, 8,12,1, 9,11,1, 9,13,1, 10,13,1, 11,12,1, 12,13,1, 
n 160
s 0
14 21
0,1,1, 0,2,1, 0,3,1, 1,2,1, 1,4,1, 2,5,1, 3,4,1, 3,6,1, 4,7,1, 5,8,1, 5,9,1, 6,8,1, 6,10,1, 7,8,1, 7,11,1, 9,10,1, 9,12,1, 10,13,1, 11,12,1, 11,13,1, 12,13,1, 
n 136
s 0
14 21
0,1,1, 0,2,1, 0,3,1, 1,2,1, 1,4,1, 2,5,1, 3,4,1, 3,6,1, 4,7,1, 5,8,1, 5,9,1, 6,7,1, 6,10,1, 7,11,1, 8,9,1, 8,12,1, 9,13,1, 10,12,1, 10,13,1, 11,12,1, 11,13,1, 
n 112
s 0
14 21
0,1,1, 0,2,1, 0,3,1, 1,2,1, 1,4,1, 2,5,1, 3,4,1, 3,6,1, 4,7,1, 5,8,1, 5,9,1, 6,8,1, 6,10,1, 7,8,1, 7,11,1, 9,12,1, 9,13,1, 10,11,1, 10,12,1, 11,13,1, 12,13,1, 
n 88
s 0
14 21
0,1,1, 0,2,1, 0,3,1, 1,2,1, 1,4,1, 2,5,1, 3,4,1, 3,6,1, 4,7,1, 5,8,1, 5,9,1, 6,8,1, 6,10,1, 7,8,1, 7,11,1, 9,12,1, 9,13,1, 10,12,1, 10,13,1, 11,12,1, 11,13,1, 
n 96
s 0
14 21
0,1,1, 0,2,1, 0,3,1, 1,2,1, 1,4,1, 2,5,1, 3,4,1, 3,6,1, 4,7,1, 5,8,1, 5,9,1, 6,8,1, 6,9,1, 7,10,1, 7,11,1, 8,12,1, 9,13,1, 10,11,1, 10,12,1, 11,13,1, 12,13,1, 
n 160
s 0
14 21
0,1,1, 0,2,1, 0,3,1, 1,2,1, 1,4,1, 2,5,1, 3,4,1, 3,6,1, 4,7,1, 5,8,1, 5,9,1, 6,8,1, 6,10,1, 7,9,1, 7,10,1, 8,11,1, 9,12,1, 10,13,1, 11,12,1, 11,13,1, 12,13,1, 
n 160
s 6
14 21
0,1,1, 0,2,1, 0,3,1, 1,2,1, 1,4,1, 2,5,1, 3,4,1, 3,6,1, 4,7,1, 5,8,1, 5,9,1, 6,8,1, 6,10,1, 7,9,1, 7,11,1, 8,10,1, 9,12,1, 10,13,1, 11,12,1, 11,13,1, 12,13,1, 
n 256
s 0
14 21
0,1,1, 0,2,1, 0,3,1, 1,2,1, 1,4,1, 2,5,1, 3,4,1, 3,6,1, 4,7,1, 5,8,1, 5,9,1, 6,8,1, 6,10,1, 7,9,1, 7,11,1, 8,11,1, 9,12,1, 10,12,1, 10,13,1, 11,13,1, 12,13,1, 
n 256
s 0
14 21
0,1,1, 0,2,1, 0,3,1, 1,2,1, 1,4,1, 2,5,1, 3,4,1, 3,6,1, 4,7,1, 5,8,1, 5,9,1, 6,8,1, 6,10,1, 7,9,1, 7,11,1, 8,12,1, 9,13,1, 10,11,1, 10,13,1, 11,12,1, 12,13,1, 
n 160
s 0
14 21
0,1,1, 0,2,1, 0,3,1, 1,2,1, 1,4,1, 2,5,1, 3,4,1, 3,6,1, 4,7,1, 5,8,1, 5,9,1, 6,8,1, 6,10,1, 7,9,1, 7,11,1, 8,12,1, 9,12,1, 10,11,1, 10,13,1, 11,13,1, 12,13,1, 
n 160
s 6
14 21
0,1,1, 0,2,1, 0,3,1, 1,2,1, 1,4,1, 2,5,1, 3,4,1, 3,6,1, 4,7,1, 5,8,1, 5,9,1, 6,8,1, 6,10,1, 7,9,1, 7,11,1, 8,12,1, 9,13,1, 10,11,1, 10,12,1, 11,13,1, 12,13,1, 
n 160
s 0
14 21
0,1,1, 0,2,1, 0,3,1, 1,2,1, 1,4,1, 2,5,1, 3,4,1, 3,6,1, 4,7,1, 5,8,1, 5,9,1, 6,8,1, 6,10,1, 7,9,1, 7,11,1, 8,12,1, 9,13,1, 10,12,1, 10,13,1, 11,12,1, 11,13,1, 
n 144
s 0
14 21
0,1,1, 0,2,1, 0,3,1, 1,2,1, 1,4,1, 2,5,1, 3,4,1, 3,6,1, 4,7,1, 5,8,1, 5,9,1, 6,8,1, 6,9,1, 7,10,1, 7,11,1, 8,12,1, 9,13,1, 10,12,1, 10,13,1, 11,12,1, 11,13,1, 
n 96
s 0
14 21
0,1,1, 0,2,1, 0,3,1, 1,2,1, 1,4,1, 2,5,1, 3,4,1, 3,6,1, 4,7,1, 5,8,1, 5,9,1, 6,8,1, 6,10,1, 7,10,1, 7,11,1, 8,12,1, 9,10,1, 9,13,1, 11,12,1, 11,13,1, 12,13,1, 
n 256
s 0
14 21
0,1,1, 0,2,1, 0,3,1, 1,2,1, 1,4,1, 2,5,1, 3,4,1, 3,6,1, 4,7,1, 5,8,1, 5,9,1, 6,8,1, 6,10,1, 7,10,1, 7,11,1, 8,9,1, 9,12,1, 10,13,1, 11,12,1, 11,13,1, 12,13,1, 
n 144
s 0
14 21
0,1,1, 0,2,1, 0,3,1, 1,2,1, 1,4,1, 2,5,1, 3,4,1, 3,6,1, 4,7,1, 5,8,1, 5,9,1, 6,8,1, 6,10,1, 7,10,1, 7,11,1, 8,11,1, 9,12,1, 9,13,1, 10,12,1, 11,13,1, 12,13,1, 
n 256
s 0
14 21
0,1,1, 0,2,1, 0,3,1, 1,2,1, 1,4,1, 2,5,1, 3,4,1, 3,6,1, 4,7,1, 5,8,1, 5,9,1, 6,8,1, 6,10,1, 7,10,1, 7,11,1, 8,12,1, 9,11,1, 9,12,1, 10,13,1, 11,13,1, 12,13,1, 
n 256
s 0
14 21
0,1,1, 0,2,1, 0,3,1, 1,2,1, 1,4,1, 2,5,1, 3,4,1, 3,6,1, 4,7,1, 5,8,1, 5,9,1, 6,8,1, 6,10,1, 7,10,1, 7,11,1, 8,12,1, 9,11,1, 9,13,1, 10,12,1, 11,13,1, 12,13,1, 
n 256
s 6
14 21
0,1,1, 0,2,1, 0,3,1, 1,2,1, 1,4,1, 2,5,1, 3,4,1, 3,6,1, 4,7,1, 5,8,1, 5,9,1, 6,8,1, 6,10,1, 7,10,1, 7,11,1, 8,12,1, 9,11,1, 9,13,1, 10,13,1, 11,12,1, 12,13,1, 
n 256
s 0
14 21
0,1,1, 0,2,1, 0,3,1, 1,2,1, 1,4,1, 2,5,1, 3,4,1, 3,6,1, 4,7,1, 5,8,1, 5,9,1, 6,8,1, 6,10,1, 7,11,1, 7,12,1, 8,9,1, 9,13,1, 10,11,1, 10,12,1, 11,13,1, 12,13,1, 
n 160
s 0
14 21
0,1,1, 0,2,1, 0,3,1, 1,2,1, 1,4,1, 2,5,1, 3,4,1, 3,6,1, 4,7,1, 5,8,1, 5,9,1, 6,8,1, 6,10,1, 7,10,1, 7,11,1, 8,12,1, 9,12,1, 9,13,1, 10,11,1, 11,13,1, 12,13,1, 
n 256
s 0
14 21
0,1,1, 0,2,1, 0,3,1, 1,2,1, 1,4,1, 2,5,1, 3,4,1, 3,6,1, 4,7,1, 5,8,1, 5,9,1, 6,8,1, 6,10,1, 7,10,1, 7,11,1, 8,12,1, 9,12,1, 9,13,1, 10,13,1, 11,12,1, 11,13,1, 
n 256
s 0
14 21
0,1,1, 0,2,1, 0,3,1, 1,2,1, 1,4,1, 2,5,1, 3,4,1, 3,6,1, 4,7,1, 5,8,1, 5,9,1, 6,8,1, 6,10,1, 7,11,1, 7,12,1, 8,10,1, 9,11,1, 9,13,1, 10,12,1, 11,13,1, 12,13,1, 
n 144
s 0
14 21
0,1,1, 0,2,1, 0,3,1, 1,2,1, 1,4,1, 2,5,1, 3,4,1, 3,6,1, 4,7,1, 5,8,1, 5,9,1, 6,8,1, 6,10,1, 7,11,1, 7,12,1, 8,11,1, 9,10,1, 9,13,1, 10,12,1, 11,13,1, 12,13,1, 
n 256
s 0
14 21
0,1,1, 0,2,1, 0,3,1, 1,2,1, 1,4,1, 2,5,1, 3,4,1, 3,6,1, 4,7,1, 5,8,1, 5,9,1, 6,8,1, 6,10,1, 7,11,1, 7,12,1, 8,11,1, 9,10,1, 9,12,1, 10,13,1, 11,13,1, 12,13,1, 
n 256
s 0
14 21
0,1,1, 0,2,1, 0,3,1, 1,2,1, 1,4,1, 2,5,1, 3,4,1, 3,6,1, 4,7,1, 5,8,1, 5,9,1, 6,8,1, 6,10,1, 7,11,1, 7,12,1, 8,11,1, 9,10,1, 9,13,1, 10,13,1, 11,12,1, 12,13,1, 
n 256
s 0
14 21
0,1,1, 0,2,1, 0,3,1, 1,2,1, 1,4,1, 2,5,1, 3,4,1, 3,6,1, 4,7,1, 5,8,1, 5,9,1, 6,8,1, 6,10,1, 7,11,1, 7,12,1, 8,11,1, 9,11,1, 9,13,1, 10,12,1, 10,13,1, 12,13,1, 
n 256
s 0
14 21
0,1,1, 0,2,1, 0,3,1, 1,2,1, 1,4,1, 2,5,1, 3,4,1, 3,6,1, 4,7,1, 5,8,1, 5,9,1, 6,8,1, 6,10,1, 7,11,1, 7,12,1, 8,11,1, 9,12,1, 9,13,1, 10,11,1, 10,13,1, 12,13,1, 
n 256
s 0
14 21
0,1,1, 0,2,1, 0,3,1, 1,2,1, 1,4,1, 2,5,1, 3,4,1, 3,6,1, 4,7,1, 5,8,1, 5,9,1, 6,8,1, 6,10,1, 7,11,1, 7,12,1, 8,13,1, 9,10,1, 9,11,1, 10,12,1, 11,13,1, 12,13,1, 
n 256
s 0
14 21
0,1,1, 0,2,1, 0,3,1, 1,2,1, 1,4,1, 2,5,1, 3,4,1, 3,6,1, 4,7,1, 5,8,1, 5,9,1, 6,8,1, 6,10,1, 7,11,1, 7,12,1, 8,11,1, 9,12,1, 9,13,1, 10,12,1, 10,13,1, 11,13,1, 
n 256
s 0
14 21
0,1,1, 0,2,1, 0,3,1, 1,2,1, 1,4,1, 2,5,1, 3,4,1, 3,6,1, 4,7,1, 5,8,1, 5,9,1, 6,8,1, 6,10,1, 7,11,1, 7,12,1, 8,10,1, 9,11,1, 9,12,1, 10,13,1, 11,13,1, 12,13,1, 
n 160
s 0
14 21
0,1,1, 0,2,1, 0,3,1, 1,2,1, 1,4,1, 2,5,1, 3,4,1, 3,6,1, 4,7,1, 5,8,1, 5,9,1, 6,8,1, 6,10,1, 7,11,1, 7,12,1, 8,10,1, 9,11,1, 9,13,1, 10,13,1, 11,12,1, 12,13,1, 
n 256
s 0
14 21
0,1,1, 0,2,1, 0,3,1, 1,2,1, 1,4,1, 2,5,1, 3,4,1, 3,6,1, 4,7,1, 5,8,1, 5,9,1, 6,8,1, 6,10,1, 7,11,1, 7,12,1, 8,13,1, 9,10,1, 9,13,1, 10,11,1, 11,12,1, 12,13,1, 
n 256
s 0
14 21
0,1,1, 0,2,1, 0,3,1, 1,2,1, 1,4,1, 2,5,1, 3,4,1, 3,6,1, 4,7,1, 5,8,1, 5,9,1, 6,8,1, 6,10,1, 7,11,1, 7,12,1, 8,13,1, 9,11,1, 9,12,1, 10,11,1, 10,13,1, 12,13,1, 
n 256
s 0
14 21
0,1,1, 0,2,1, 0,3,1, 1,2,1, 1,4,1, 2,5,1, 3,4,1, 3,6,1, 4,7,1, 5,8,1, 5,9,1, 6,7,1, 6,10,1, 7,10,1, 8,11,1, 8,12,1, 9,11,1, 9,12,1, 10,13,1, 11,13,1, 12,13,1, 
n 58
s 0
14 21
0,1,1, 0,2,1, 0,3,1, 1,2,1, 1,4,1, 2,5,1, 3,4,1, 3,6,1, 4,7,1, 5,8,1, 5,9,1, 6,8,1, 6,10,1, 7,11,1, 7,12,1, 8,13,1, 9,11,1, 9,13,1, 10,11,1, 10,12,1, 12,13,1, 
n 256
s 0
14 21
0,1,1, 0,2,1, 0,3,1, 1,2,1, 1,4,1, 2,5,1, 3,4,1, 3,6,1, 4,7,1, 5,8,1, 5,9,1, 6,8,1, 6,10,1, 7,11,1, 7,12,1, 8,13,1, 9,11,1, 9,13,1, 10,12,1, 10,13,1, 11,12,1, 
n 256
s 4
14 21
0,1,1, 0,2,1, 0,3,1, 1,2,1, 1,4,1, 2,5,1, 3,4,1, 3,6,1, 4,7,1, 5,8,1, 5,9,1, 6,8,1, 6,10,1, 7,11,1, 7,12,1, 8,13,1, 9,10,1, 9,11,1, 10,13,1, 11,12,1, 12,13,1, 
n 256
s 0
14 21
0,1,1, 0,2,1, 0,3,1, 1,2,1, 1,4,1, 2,5,1, 3,4,1, 3,6,1, 4,7,1, 5,8,1, 5,9,1, 6,7,1, 6,10,1, 7,11,1, 8,12,1, 8,13,1, 9,12,1, 9,13,1, 10,11,1, 10,12,1, 11,13,1, 
n 112
s 0
14 21
0,1,1, 0,2,1, 0,3,1, 1,2,1, 1,4,1, 2,5,1, 3,4,1, 3,6,1, 4,7,1, 5,8,1, 5,9,1, 6,10,1, 6,11,1, 7,10,1, 7,12,1, 8,9,1, 8,11,1, 9,13,1, 10,12,1, 11,13,1, 12,13,1, 
n 144
s 0
14 21
0,1,1, 0,2,1, 0,3,1, 1,2,1, 1,4,1, 2,5,1, 3,4,1, 3,6,1, 4,7,1, 5,8,1, 5,9,1, 6,10,1, 6,11,1, 7,10,1, 7,12,1, 8,9,1, 8,10,1, 9,13,1, 11,12,1, 11,13,1, 12,13,1, 
n 160
s 0
14 21
0,1,1, 0,2,1, 0,3,1, 1,2,1, 1,4,1, 2,5,1, 3,4,1, 3,6,1, 4,7,1, 5,8,1, 5,9,1, 6,10,1, 6,11,1, 7,10,1, 7,12,1, 8,9,1, 8,11,1, 9,12,1, 10,13,1, 11,13,1, 12,13,1, 
n 160
s 4
14 21
0,1,1, 0,2,1, 0,3,1, 1,2,1, 1,4,1, 2,5,1, 3,4,1, 3,6,1, 4,7,1, 5,8,1, 5,9,1, 6,10,1, 6,11,1, 7,10,1, 7,12,1, 8,9,1, 8,11,1, 9,13,1, 10,13,1, 11,12,1, 12,13,1, 
n 256
s 0
14 21
0,1,1, 0,2,1, 0,3,1, 1,2,1, 1,4,1, 2,5,1, 3,4,1, 3,6,1, 4,7,1, 5,8,1, 5,9,1, 6,10,1, 6,11,1, 7,10,1, 7,12,1, 8,10,1, 8,11,1, 9,12,1, 9,13,1, 11,13,1, 12,13,1, 
n 256
s 0
14 21
0,1,1, 0,2,1, 0,3,1, 1,2,1, 1,4,1, 2,5,1, 3,4,1, 3,6,1, 4,7,1, 5,8,1, 5,9,1, 6,10,1, 6,11,1, 7,10,1, 7,12,1, 8,11,1, 8,13,1, 9,11,1, 9,13,1, 10,12,1, 12,13,1, 
n 160
s 0
14 21
0,1,1, 0,2,1, 0,3,1, 1,2,1, 1,4,1, 2,5,1, 3,4,1, 3,6,1, 4,7,1, 5,8,1, 5,9,1, 6,10,1, 6,11,1, 7,10,1, 7,12,1, 8,10,1, 8,13,1, 9,11,1, 9,12,1, 11,13,1, 12,13,1, 
n 144
s 0
14 21
0,1,1, 0,2,1, 0,3,1, 1,2,1, 1,4,1, 2,5,1, 3,4,1, 3,6,1, 4,7,1, 5,8,1, 5,9,1, 6,10,1, 6,11,1, 7,10,1, 7,12,1, 8,11,1, 8,12,1, 9,11,1, 9,13,1, 10,13,1, 12,13,1, 
n 256
s 0
14 21
0,1,1, 0,2,1, 0,3,1, 1,2,1, 1,4,1, 2,5,1, 3,4,1, 3,6,1, 4,7,1, 5,8,1, 5,9,1, 6,10,1, 6,11,1, 7,10,1, 7,12,1, 8,10,1, 8,13,1, 9,11,1, 9,13,1, 11,12,1, 12,13,1, 
n 256
s 0
14 21
0,1,1, 0,2,1, 0,3,1, 1,2,1, 1,4,1, 2,5,1, 3,4,1, 3,6,1, 4,7,1, 5,8,1, 5,9,1, 6,10,1, 6,11,1, 7,10,1, 7,12,1, 8,11,1, 8,13,1, 9,12,1, 9,13,1, 10,13,1, 11,12,1, 
n 160
s 0
14 21
0,1,1, 0,2,1, 0,3,1, 1,2,1, 1,4,1, 2,5,1, 3,4,1, 3,6,1, 4,7,1, 5,8,1, 5,9,1, 6,10,1, 6,11,1, 7,12,1, 7,13,1, 8,9,1, 8,10,1, 9,11,1, 10,12,1, 11,13,1, 12,13,1, 
n 160
s 0
14 21
0,1,1, 0,2,1, 0,3,1, 1,2,1, 1,4,1, 2,5,1, 3,4,1, 3,6,1, 4,7,1, 5,8,1, 5,9,1, 6,10,1, 6,11,1, 7,10,1, 7,11,1, 8,12,1, 8,13,1, 9,12,1, 9,13,1, 10,12,1, 11,13,1, 
n 72
s 0
14 21
0,1,1, 0,2,1, 0,3,1, 1,2,1, 1,4,1, 2,5,1, 3,4,1, 3,6,1, 4,7,1, 5,8,1, 5,9,1, 6,10,1, 6,11,1, 7,12,1, 7,13,1, 8,9,1, 8,10,1, 9,12,1, 10,11,1, 11,13,1, 12,13,1, 
n 160
s 0
14 21
0,1,1, 0,2,1, 0,3,1, 1,2,1, 1,4,1, 2,5,1, 3,4,1, 3,6,1, 4,7,1, 5,8,1, 5,9,1, 6,10,1, 6,11,1, 7,12,1, 7,13,1, 8,9,1, 8,10,1, 9,12,1, 10,13,1, 11,12,1, 11,13,1, 
n 160
s 0
14 21
0,1,1, 0,2,1, 0,3,1, 1,2,1, 1,4,1, 2,5,1, 3,4,1, 3,6,1, 4,7,1, 5,8,1, 5,9,1, 6,10,1, 6,11,1, 7,12,1, 7,13,1, 8,10,1, 8,11,1, 9,10,1, 9,12,1, 11,13,1, 12,13,1, 
n 256
s 0
14 21
0,1,1, 0,2,1, 0,3,1, 1,2,1, 1,4,1, 2,5,1, 3,4,1, 3,6,1, 4,7,1, 5,8,1, 5,9,1, 6,10,1, 6,11,1, 7,12,1, 7,13,1, 8,10,1, 8,11,1, 9,12,1, 9,13,1, 10,12,1, 11,13,1, 
n 96
s 0
14 21
0,1,1, 0,2,1, 0,3,1, 1,2,1, 1,4,1, 2,5,1, 3,4,1, 3,6,1, 4,7,1, 5,8,1, 5,9,1, 6,10,1, 6,11,1, 7,12,1, 7,13,1, 8,10,1, 8,12,1, 9,10,1, 9,13,1, 11,12,1, 11,13,1, 
n 144
s 0
14 21
0,1,1, 0,2,1, 0,3,1, 1,2,1, 1,4,1, 2,5,1, 3,4,1, 3,6,1, 4,7,1, 5,8,1, 5,9,1, 6,10,1, 6,11,1, 7,12,1, 7,13,1, 8,10,1, 8,12,1, 9,11,1, 9,13,1, 10,11,1, 12,13,1, 
n 96
s 0
14 21
0,1,1, 0,2,1, 0,3,1, 1,2,1, 1,4,1, 2,5,1, 3,4,1, 3,6,1, 4,7,1, 5,8,1, 5,9,1, 6,10,1, 6,11,1, 7,10,1, 7,11,1, 8,9,1, 8,12,1, 9,13,1, 10,12,1, 11,13,1, 12,13,1, 
n 66
s 0
14 21
0,1,1, 0,2,1, 0,3,1, 1,2,1, 1,4,1, 2,5,1, 3,4,1, 3,6,1, 4,7,1, 5,8,1, 5,9,1, 6,10,1, 6,11,1, 7,12,1, 7,13,1, 8,10,1, 8,12,1, 9,11,1, 9,13,1, 10,12,1, 11,13,1, 
n 96
s 0
14 21
0,1,1, 0,2,1, 0,3,1, 1,2,1, 1,4,1, 2,5,1, 3,4,1, 3,6,1, 4,7,1, 5,8,1, 5,9,1, 6,10,1, 6,11,1, 7,12,1, 7,13,1, 8,10,1, 8,12,1, 9,11,1, 9,13,1, 10,13,1, 11,12,1, 
n 96
s 18
14 21
0,1,1, 0,2,1, 0,3,1, 1,2,1, 1,4,1, 2,5,1, 3,6,1, 3,7,1, 4,6,1, 4,7,1, 5,8,1, 5,9,1, 6,8,1, 7,10,1, 8,11,1, 9,12,1, 9,13,1, 10,12,1, 10,13,1, 11,12,1, 11,13,1, 
n 104
s 0
14 21
0,1,1, 0,2,1, 0,3,1, 1,2,1, 1,4,1, 2,5,1, 3,6,1, 3,7,1, 4,6,1, 4,7,1, 5,8,1, 5,9,1, 6,10,1, 7,11,1, 8,9,1, 8,10,1, 9,12,1, 10,13,1, 11,12,1, 11,13,1, 12,13,1, 
n 160
s 0
14 21
0,1,1, 0,2,1, 0,3,1, 1,2,1, 1,4,1, 2,5,1, 3,6,1, 3,7,1, 4,6,1, 4,7,1, 5,8,1, 5,9,1, 6,10,1, 7,11,1, 8,10,1, 8,11,1, 9,12,1, 9,13,1, 10,12,1, 11,13,1, 12,13,1, 
n 96
s 0
14 21
0,1,1, 0,2,1, 0,3,1, 1,2,1, 1,4,1, 2,5,1, 3,6,1, 3,7,1, 4,6,1, 4,7,1, 5,8,1, 5,9,1, 6,10,1, 7,11,1, 8,10,1, 8,12,1, 9,11,1, 9,12,1, 10,13,1, 11,13,1, 12,13,1, 
n 96
s 2
14 21
0,1,1, 0,2,1, 0,3,1, 1,2,1, 1,4,1, 2,5,1, 3,6,1, 3,7,1, 4,6,1, 4,7,1, 5,8,1, 5,9,1, 6,10,1, 7,11,1, 8,10,1, 8,12,1, 9,10,1, 9,13,1, 11,12,1, 11,13,1, 12,13,1, 
n 62
s 0
14 21
0,1,1, 0,2,1, 0,3,1, 1,2,1, 1,4,1, 2,5,1, 3,6,1, 3,7,1, 4,6,1, 4,7,1, 5,8,1, 5,9,1, 6,10,1, 7,11,1, 8,10,1, 8,12,1, 9,11,1, 9,13,1, 10,12,1, 11,13,1, 12,13,1, 
n 96
s 0
14 21
0,1,1, 0,2,1, 0,3,1, 1,2,1, 1,4,1, 2,5,1, 3,6,1, 3,7,1, 4,6,1, 4,7,1, 5,8,1, 5,9,1, 6,10,1, 7,11,1, 8,10,1, 8,12,1, 9,11,1, 9,13,1, 10,13,1, 11,12,1, 12,13,1, 
n 96
s 0
14 21
0,1,1, 0,2,1, 0,3,1, 1,2,1, 1,4,1, 2,5,1, 3,6,1, 3,7,1, 4,6,1, 4,7,1, 5,8,1, 5,9,1, 6,10,1, 7,11,1, 8,10,1, 8,12,1, 9,12,1, 9,13,1, 10,13,1, 11,12,1, 11,13,1, 
n 160
s 0
14 21
0,1,1, 0,2,1, 0,3,1, 1,2,1, 1,4,1, 2,5,1, 3,6,1, 3,7,1, 4,6,1, 4,8,1, 5,6,1, 5,9,1, 7,10,1, 7,11,1, 8,10,1, 8,12,1, 9,10,1, 9,13,1, 11,12,1, 11,13,1, 12,13,1, 
n 37
s 0
14 21
0,1,1, 0,2,1, 0,3,1, 1,2,1, 1,4,1, 2,5,1, 3,6,1, 3,7,1, 4,6,1, 4,8,1, 5,6,1, 5,9,1, 7,10,1, 7,11,1, 8,10,1, 8,12,1, 9,11,1, 9,12,1, 10,13,1, 11,13,1, 12,13,1, 
n 60
s 2
14 21
0,1,1, 0,2,1, 0,3,1, 1,2,1, 1,4,1, 2,5,1, 3,6,1, 3,7,1, 4,6,1, 4,7,1, 5,8,1, 5,9,1, 6,10,1, 7,11,1, 8,9,1, 8,12,1, 9,13,1, 10,12,1, 10,13,1, 11,12,1, 11,13,1, 
n 44
s 0
14 21
0,1,1, 0,2,1, 0,3,1, 1,2,1, 1,4,1, 2,5,1, 3,6,1, 3,7,1, 4,6,1, 4,8,1, 5,6,1, 5,9,1, 7,10,1, 7,11,1, 8,10,1, 8,12,1, 9,11,1, 9,13,1, 10,12,1, 11,13,1, 12,13,1, 
n 144
s 0
14 21
0,1,1, 0,2,1, 0,3,1, 1,2,1, 1,4,1, 2,5,1, 3,6,1, 3,7,1, 4,6,1, 4,8,1, 5,6,1, 5,9,1, 7,10,1, 7,11,1, 8,10,1, 8,12,1, 9,11,1, 9,13,1, 10,13,1, 11,12,1, 12,13,1, 
n 144
s 0
14 21
0,1,1, 0,2,1, 0,3,1, 1,2,1, 1,4,1, 2,5,1, 3,6,1, 3,7,1, 4,6,1, 4,8,1, 5,7,1, 5,8,1, 6,9,1, 7,10,1, 8,11,1, 9,12,1, 9,13,1, 10,12,1, 10,13,1, 11,12,1, 11,13,1, 
n 44
s 2
14 21
0,1,1, 0,2,1, 0,3,1, 1,2,1, 1,4,1, 2,5,1, 3,6,1, 3,7,1, 4,6,1, 4,8,1, 5,6,1, 5,9,1, 7,8,1, 7,10,1, 8,11,1, 9,12,1, 9,13,1, 10,12,1, 10,13,1, 11,12,1, 11,13,1, 
n 96
s 0
14 21
0,1,1, 0,2,1, 0,3,1, 1,2,1, 1,4,1, 2,5,1, 3,6,1, 3,7,1, 4,6,1, 4,8,1, 5,7,1, 5,9,1, 6,9,1, 7,10,1, 8,11,1, 8,12,1, 9,13,1, 10,11,1, 10,12,1, 11,13,1, 12,13,1, 
n 160
s 0
14 21
0,1,1, 0,2,1, 0,3,1, 1,2,1, 1,4,1, 2,5,1, 3,6,1, 3,7,1, 4,6,1, 4,8,1, 5,7,1, 5,9,1, 6,10,1, 7,10,1, 8,11,1, 8,12,1, 9,11,1, 9,12,1, 10,13,1, 11,13,1, 12,13,1, 
n 96
s 2
14 21
0,1,1, 0,2,1, 0,3,1, 1,2,1, 1,4,1, 2,5,1, 3,6,1, 3,7,1, 4,6,1, 4,8,1, 5,7,1, 5,9,1, 6,10,1, 7,11,1, 8,9,1, 8,10,1, 9,12,1, 10,13,1, 11,12,1, 11,13,1, 12,13,1, 
n 136
s 0
14 21
0,1,1, 0,2,1, 0,3,1, 1,2,1, 1,4,1, 2,5,1, 3,6,1, 3,7,1, 4,6,1, 4,8,1, 5,7,1, 5,9,1, 6,8,1, 7,10,1, 8,11,1, 9,12,1, 9,13,1, 10,12,1, 10,13,1, 11,12,1, 11,13,1, 
n 160
s 0
14 21
0,1,1, 0,2,1, 0,3,1, 1,2,1, 1,4,1, 2,5,1, 3,6,1, 3,7,1, 4,6,1, 4,7,1, 5,6,1, 5,8,1, 7,9,1, 8,10,1, 8,11,1, 9,12,1, 9,13,1, 10,12,1, 10,13,1, 11,12,1, 11,13,1, 
n 76
s 0
14 21
0,1,1, 0,2,1, 0,3,1, 1,2,1, 1,4,1, 2,5,1, 3,6,1, 3,7,1, 4,6,1, 4,8,1, 5,7,1, 5,9,1, 6,10,1, 7,11,1, 8,9,1, 8,12,1, 9,13,1, 10,11,1, 10,12,1, 11,13,1, 12,13,1, 
n 160
s 0
14 21
0,1,1, 0,2,1, 0,3,1, 1,2,1, 1,4,1, 2,5,1, 3,6,1, 3,7,1, 4,6,1, 4,8,1, 5,7,1, 5,9,1, 6,10,1, 7,11,1, 8,9,1, 8,11,1, 9,12,1, 10,12,1, 10,13,1, 11,13,1, 12,13,1, 
n 256
s 0
14 21
0,1,1, 0,2,1, 0,3,1, 1,2,1, 1,4,1, 2,5,1, 3,6,1, 3,7,1, 4,6,1, 4,8,1, 5,7,1, 5,9,1, 6,10,1, 7,11,1, 8,9,1, 8,12,1, 9,13,1, 10,11,1, 10,13,1, 11,12,1, 12,13,1, 
n 160
s 0
14 21
0,1,1, 0,2,1, 0,3,1, 1,2,1, 1,4,1, 2,5,1, 3,6,1, 3,7,1, 4,6,1, 4,8,1, 5,7,1, 5,9,1, 6,10,1, 7,11,1, 8,9,1, 8,12,1, 9,12,1, 10,11,1, 10,13,1, 11,13,1, 12,13,1, 
n 160
s 6
14 21
0,1,1, 0,2,1, 0,3,1, 1,2,1, 1,4,1, 2,5,1, 3,6,1, 3,7,1, 4,6,1, 4,8,1, 5,7,1, 5,9,1, 6,10,1, 7,11,1, 8,10,1, 8,11,1, 9,12,1, 9,13,1, 10,12,1, 11,13,1, 12,13,1, 
n 136
s 0
14 21
0,1,1, 0,2,1, 0,3,1, 1,2,1, 1,4,1, 2,5,1, 3,6,1, 3,7,1, 4,6,1, 4,8,1, 5,7,1, 5,9,1, 6,10,1, 7,11,1, 8,9,1, 8,12,1, 9,13,1, 10,12,1, 10,13,1, 11,12,1, 11,13,1, 
n 144
s 0
14 21
0,1,1, 0,2,1, 0,3,1, 1,2,1, 1,4,1, 2,5,1, 3,6,1, 3,7,1, 4,6,1, 4,8,1, 5,7,1, 5,9,1, 6,10,1, 7,11,1, 8,10,1, 8,12,1, 9,10,1, 9,13,1, 11,12,1, 11,13,1, 12,13,1, 
n 144
s 0
14 21
0,1,1, 0,2,1, 0,3,1, 1,2,1, 1,4,1, 2,5,1, 3,6,1, 3,7,1, 4,6,1, 4,8,1, 5,7,1, 5,9,1, 6,10,1, 7,11,1, 8,10,1, 8,12,1, 9,11,1, 9,12,1, 10,13,1, 11,13,1, 12,13,1, 
n 144
s 0
14 21
0,1,1, 0,2,1, 0,3,1, 1,2,1, 1,4,1, 2,5,1, 3,6,1, 3,7,1, 4,6,1, 4,8,1, 5,7,1, 5,9,1, 6,10,1, 7,11,1, 8,10,1, 8,12,1, 9,12,1, 9,13,1, 10,11,1, 11,13,1, 12,13,1, 
n 144
s 0
14 21
0,1,1, 0,2,1, 0,3,1, 1,2,1, 1,4,1, 2,5,1, 3,6,1, 3,7,1, 4,6,1, 4,8,1, 5,7,1, 5,9,1, 6,10,1, 7,11,1, 8,10,1, 8,12,1, 9,12,1, 9,13,1, 10,13,1, 11,12,1, 11,13,1, 
n 256
s 0
14 21
0,1,1, 0,2,1, 0,3,1, 1,2,1, 1,4,1, 2,5,1, 3,6,1, 3,7,1, 4,6,1, 4,8,1, 5,7,1, 5,9,1, 6,10,1, 7,11,1, 8,11,1, 8,12,1, 9,10,1, 9,12,1, 10,13,1, 11,13,1, 12,13,1, 
n 144
s 0
14 21
0,1,1, 0,2,1, 0,3,1, 1,2,1, 1,4,1, 2,5,1, 3,6,1, 3,7,1, 4,6,1, 4,8,1, 5,7,1, 5,9,1, 6,10,1, 7,11,1, 8,11,1, 8,12,1, 9,10,1, 9,13,1, 10,12,1, 11,13,1, 12,13,1, 
n 144
s 0
14 21
0,1,1, 0,2,1, 0,3,1, 1,2,1, 1,4,1, 2,5,1, 3,6,1, 3,7,1, 4,6,1, 4,8,1, 5,7,1, 5,9,1, 6,10,1, 7,11,1, 8,11,1, 8,12,1, 9,10,1, 9,13,1, 10,13,1, 11,12,1, 12,13,1, 
n 144
s 0
14 21
0,1,1, 0,2,1, 0,3,1, 1,2,1, 1,4,1, 2,5,1, 3,6,1, 3,7,1, 4,6,1, 4,8,1, 5,7,1, 5,9,1, 6,10,1, 7,11,1, 8,11,1, 8,12,1, 9,12,1, 9,13,1, 10,11,1, 10,13,1, 12,13,1, 
n 256
s 0
14 21
0,1,1, 0,2,1, 0,3,1, 1,2,1, 1,4,1, 2,5,1, 3,6,1, 3,7,1, 4,6,1, 4,8,1, 5,7,1, 5,9,1, 6,10,1, 7,11,1, 8,12,1, 8,13,1, 9,12,1, 9,13,1, 10,11,1, 10,12,1, 11,13,1, 
n 144
s 0
14 21
0,1,1, 0,2,1, 0,3,1, 1,2,1, 1,4,1, 2,5,1, 3,6,1, 3,7,1, 4,6,1, 4,8,1, 5,7,1, 5,9,1, 6,10,1, 7,11,1, 8,11,1, 8,12,1, 9,12,1, 9,13,1, 10,12,1, 10,13,1, 11,13,1, 
n 256
s 0
14 21
0,1,1, 0,2,1, 0,3,1, 1,2,1, 1,4,1, 2,5,1, 3,6,1, 3,7,1, 4,6,1, 4,8,1, 5,9,1, 5,10,1, 6,7,1, 7,11,1, 8,9,1, 8,12,1, 9,10,1, 10,13,1, 11,12,1, 11,13,1, 12,13,1, 
n 84
s 0
14 21
0,1,1, 0,2,1, 0,3,1, 1,2,1, 1,4,1, 2,5,1, 3,6,1, 3,7,1, 4,6,1, 4,7,1, 5,8,1, 5,9,1, 6,10,1, 7,11,1, 8,12,1, 8,13,1, 9,12,1, 9,13,1, 10,11,1, 10,12,1, 11,13,1, 
n 68
s 0
14 21
0,1,1, 0,2,1, 0,3,1, 1,2,1, 1,4,1, 2,5,1, 3,6,1, 3,7,1, 4,6,1, 4,8,1, 5,7,1, 5,9,1, 6,10,1, 7,11,1, 8,10,1, 8,12,1, 9,11,1, 9,13,1, 10,13,1, 11,12,1, 12,13,1, 
n 144
s 0
14 21
0,1,1, 0,2,1, 0,3,1, 1,2,1, 1,4,1, 2,5,1, 3,6,1, 3,7,1, 4,6,1, 4,8,1, 5,9,1, 5,10,1, 6,7,1, 7,9,1, 8,11,1, 8,12,1, 9,13,1, 10,11,1, 10,12,1, 11,13,1, 12,13,1, 
n 96
s 0
14 21
0,1,1, 0,2,1, 0,3,1, 1,2,1, 1,4,1, 2,5,1, 3,6,1, 3,7,1, 4,6,1, 4,8,1, 5,9,1, 5,10,1, 6,7,1, 7,11,1, 8,9,1, 8,12,1, 9,13,1, 10,11,1, 10,13,1, 11,12,1, 12,13,1, 
n 144
s 4
14 21
0,1,1, 0,2,1, 0,3,1, 1,2,1, 1,4,1, 2,5,1, 3,6,1, 3,7,1, 4,6,1, 4,8,1, 5,9,1, 5,10,1, 6,7,1, 7,11,1, 8,9,1, 8,12,1, 9,13,1, 10,12,1, 10,13,1, 11,12,1, 11,13,1, 
n 144
s 0
14 21
0,1,1, 0,2,1, 0,3,1, 1,2,1, 1,4,1, 2,5,1, 3,6,1, 3,7,1, 4,6,1, 4,8,1, 5,9,1, 5,10,1, 6,9,1, 7,8,1, 7,11,1, 8,12,1, 9,13,1, 10,11,1, 10,12,1, 11,13,1, 12,13,1, 
n 144
s 0
14 21
0,1,1, 0,2,1, 0,3,1, 1,2,1, 1,4,1, 2,5,1, 3,6,1, 3,7,1, 4,6,1, 4,8,1, 5,9,1, 5,10,1, 6,9,1, 7,8,1, 7,11,1, 8,12,1, 9,13,1, 10,11,1, 10,13,1, 11,12,1, 12,13,1, 
n 256
s 0
14 21
0,1,1, 0,2,1, 0,3,1, 1,2,1, 1,4,1, 2,5,1, 3,6,1, 3,7,1, 4,6,1, 4,8,1, 5,9,1, 5,10,1, 6,9,1, 7,10,1, 7,11,1, 8,10,1, 8,12,1, 9,13,1, 11,12,1, 11,13,1, 12,13,1, 
n 84
s 0
14 21
0,1,1, 0,2,1, 0,3,1, 1,2,1, 1,4,1, 2,5,1, 3,6,1, 3,7,1, 4,6,1, 4,8,1, 5,9,1, 5,10,1, 6,7,1, 7,11,1, 8,9,1, 8,12,1, 9,12,1, 10,11,1, 10,13,1, 11,13,1, 12,13,1, 
n 136
s 0
14 21
0,1,1, 0,2,1, 0,3,1, 1,2,1, 1,4,1, 2,5,1, 3,6,1, 3,7,1, 4,6,1, 4,8,1, 5,9,1, 5,10,1, 6,9,1, 7,10,1, 7,11,1, 8,11,1, 8,12,1, 9,12,1, 10,13,1, 11,13,1, 12,13,1, 
n 256
s 0
14 21
0,1,1, 0,2,1, 0,3,1, 1,2,1, 1,4,1, 2,5,1, 3,6,1, 3,7,1, 4,6,1, 4,8,1, 5,9,1, 5,10,1, 6,9,1, 7,10,1, 7,11,1, 8,11,1, 8,12,1, 9,13,1, 10,13,1, 11,12,1, 12,13,1, 
n 256
s 0
14 21
0,1,1, 0,2,1, 0,3,1, 1,2,1, 1,4,1, 2,5,1, 3,6,1, 3,7,1, 4,6,1, 4,8,1, 5,9,1, 5,10,1, 6,9,1, 7,10,1, 7,11,1, 8,11,1, 8,12,1, 9,13,1, 10,12,1, 11,13,1, 12,13,1, 
n 256
s 0
14 21
0,1,1, 0,2,1, 0,3,1, 1,2,1, 1,4,1, 2,5,1, 3,6,1, 3,7,1, 4,6,1, 4,8,1, 5,9,1, 5,10,1, 6,9,1, 7,10,1, 7,11,1, 8,12,1, 8,13,1, 9,11,1, 10,12,1, 11,13,1, 12,13,1, 
n 256
s 0
14 21
0,1,1, 0,2,1, 0,3,1, 1,2,1, 1,4,1, 2,5,1, 3,6,1, 3,7,1, 4,6,1, 4,8,1, 5,9,1, 5,10,1, 6,7,1, 7,11,1, 8,9,1, 8,12,1, 9,13,1, 10,11,1, 10,12,1, 11,13,1, 12,13,1, 
n 256
s 0
14 21
0,1,1, 0,2,1, 0,3,1, 1,2,1, 1,4,1, 2,5,1, 3,6,1, 3,7,1, 4,6,1, 4,8,1, 5,9,1, 5,10,1, 6,9,1, 7,10,1, 7,11,1, 8,12,1, 8,13,1, 9,12,1, 10,13,1, 11,12,1, 11,13,1, 
n 256
s 0
14 21
0,1,1, 0,2,1, 0,3,1, 1,2,1, 1,4,1, 2,5,1, 3,6,1, 3,7,1, 4,6,1, 4,8,1, 5,9,1, 5,10,1, 6,9,1, 7,10,1, 7,11,1, 8,12,1, 8,13,1, 9,12,1, 10,11,1, 11,13,1, 12,13,1, 
n 256
s 0
14 21
0,1,1, 0,2,1, 0,3,1, 1,2,1, 1,4,1, 2,5,1, 3,6,1, 3,7,1, 4,6,1, 4,8,1, 5,9,1, 5,10,1, 6,9,1, 7,11,1, 7,12,1, 8,11,1, 8,12,1, 9,13,1, 10,11,1, 10,13,1, 12,13,1, 
n 144
s 0
14 21
0,1,1, 0,2,1, 0,3,1, 1,2,1, 1,4,1, 2,5,1, 3,6,1, 3,7,1, 4,6,1, 4,8,1, 5,9,1, 5,10,1, 6,9,1, 7,11,1, 7,12,1, 8,11,1, 8,13,1, 9,11,1, 10,12,1, 10,13,1, 12,13,1, 
n 84
s 0
14 21
0,1,1, 0,2,1, 0,3,1, 1,2,1, 1,4,1, 2,5,1, 3,6,1, 3,7,1, 4,6,1, 4,8,1, 5,9,1, 5,10,1, 6,9,1, 7,11,1, 7,12,1, 8,11,1, 8,13,1, 9,12,1, 10,11,1, 10,13,1, 12,13,1, 
n 256
s 0
14 21
0,1,1, 0,2,1, 0,3,1, 1,2,1, 1,4,1, 2,5,1, 3,6,1, 3,7,1, 4,6,1, 4,8,1, 5,9,1, 5,10,1, 6,11,1, 7,8,1, 7,9,1, 8,10,1, 9,12,1, 10,13,1, 11,12,1, 11,13,1, 12,13,1, 
n 88
s 0
14 21
0,1,1, 0,2,1, 0,3,1, 1,2,1, 1,4,1, 2,5,1, 3,6,1, 3,7,1, 4,6,1, 4,8,1, 5,9,1, 5,10,1, 6,9,1, 7,11,1, 7,12,1, 8,11,1, 8,13,1, 9,12,1, 10,12,1, 10,13,1, 11,13,1, 
n 256
s 0
14 21
0,1,1, 0,2,1, 0,3,1, 1,2,1, 1,4,1, 2,5,1, 3,6,1, 3,7,1, 4,6,1, 4,8,1, 5,9,1, 5,10,1, 6,11,1, 7,8,1, 7,9,1, 8,12,1, 9,10,1, 10,13,1, 11,12,1, 11,13,1, 12,13,1, 
n 144
s 0
14 21
0,1,1, 0,2,1, 0,3,1, 1,2,1, 1,4,1, 2,5,1, 3,6,1, 3,7,1, 4,6,1, 4,8,1, 5,9,1, 5,10,1, 6,11,1, 7,8,1, 7,9,1, 8,12,1, 9,12,1, 10,11,1, 10,13,1, 11,13,1, 12,13,1, 
n 256
s 0
14 21
0,1,1, 0,2,1, 0,3,1, 1,2,1, 1,4,1, 2,5,1, 3,6,1, 3,7,1, 4,6,1, 4,8,1, 5,9,1, 5,10,1, 6,9,1, 7,9,1, 7,11,1, 8,12,1, 8,13,1, 10,12,1, 10,13,1, 11,12,1, 11,13,1, 
n 160
s 0
14 21
0,1,1, 0,2,1, 0,3,1, 1,2,1, 1,4,1, 2,5,1, 3,6,1, 3,7,1, 4,6,1, 4,8,1, 5,9,1, 5,10,1, 6,11,1, 7,8,1, 7,9,1, 8,12,1, 9,13,1, 10,11,1, 10,12,1, 11,13,1, 12,13,1, 
n 256
s 0
14 21
0,1,1, 0,2,1, 0,3,1, 1,2,1, 1,4,1, 2,5,1, 3,6,1, 3,7,1, 4,6,1, 4,8,1, 5,9,1, 5,10,1, 6,11,1, 7,8,1, 7,9,1, 8,12,1, 9,13,1, 10,11,1, 10,13,1, 11,12,1, 12,13,1, 
n 256
s 0
14 21
0,1,1, 0,2,1, 0,3,1, 1,2,1, 1,4,1, 2,5,1, 3,6,1, 3,7,1, 4,6,1, 4,8,1, 5,9,1, 5,10,1, 6,11,1, 7,8,1, 7,9,1, 8,12,1, 9,13,1, 10,12,1, 10,13,1, 11,12,1, 11,13,1, 
n 256
s 0
14 21
0,1,1, 0,2,1, 0,3,1, 1,2,1, 1,4,1, 2,5,1, 3,6,1, 3,7,1, 4,6,1, 4,8,1, 5,9,1, 5,10,1, 6,9,1, 7,11,1, 7,12,1, 8,11,1, 8,12,1, 9,10,1, 10,13,1, 11,13,1, 12,13,1, 
n 96
s 0
14 21
0,1,1, 0,2,1, 0,3,1, 1,2,1, 1,4,1, 2,5,1, 3,6,1, 3,7,1, 4,6,1, 4,8,1, 5,9,1, 5,10,1, 6,11,1, 7,8,1, 7,11,1, 8,12,1, 9,12,1, 9,13,1, 10,12,1, 10,13,1, 11,13,1, 
n 160
s 0
14 21
0,1,1, 0,2,1, 0,3,1, 1,2,1, 1,4,1, 2,5,1, 3,6,1, 3,7,1, 4,6,1, 4,7,1, 5,8,1, 5,9,1, 6,10,1, 7,10,1, 8,11,1, 8,12,1, 9,11,1, 9,12,1, 10,13,1, 11,13,1, 12,13,1, 
n 58
s 0
14 21
0,1,1, 0,2,1, 0,3,1, 1,2,1, 1,4,1, 2,5,1, 3,6,1, 3,7,1, 4,6,1, 4,8,1, 5,9,1, 5,10,1, 6,11,1, 7,8,1, 7,12,1, 8,12,1, 9,11,1, 9,13,1, 10,11,1, 10,13,1, 12,13,1, 
n 64
s 0
14 21
0,1,1, 0,2,1, 0,3,1, 1,2,1, 1,4,1, 2,5,1, 3,6,1, 3,7,1, 4,6,1, 4,8,1, 5,9,1, 5,10,1, 6,11,1, 7,8,1, 7,12,1, 8,13,1, 9,10,1, 9,11,1, 10,12,1, 11,13,1, 12,13,1, 
n 256
s 0
14 21
0,1,1, 0,2,1, 0,3,1, 1,2,1, 1,4,1, 2,5,1, 3,6,1, 3,7,1, 4,6,1, 4,8,1, 5,9,1, 5,10,1, 6,11,1, 7,8,1, 7,12,1, 8,13,1, 9,11,1, 9,12,1, 10,11,1, 10,13,1, 12,13,1, 
n 160
s 0
14 21
0,1,1, 0,2,1, 0,3,1, 1,2,1, 1,4,1, 2,5,1, 3,6,1, 3,7,1, 4,6,1, 4,8,1, 5,9,1, 5,10,1, 6,11,1, 7,9,1, 7,10,1, 8,9,1, 8,12,1, 10,13,1, 11,12,1, 11,13,1, 12,13,1, 
n 144
s 0
14 21
0,1,1, 0,2,1, 0,3,1, 1,2,1, 1,4,1, 2,5,1, 3,6,1, 3,7,1, 4,6,1, 4,8,1, 5,9,1, 5,10,1, 6,11,1, 7,9,1, 7,10,1, 8,12,1, 8,13,1, 9,11,1, 10,12,1, 11,13,1, 12,13,1, 
n 144
s 0
14 21
0,1,1, 0,2,1, 0,3,1, 1,2,1, 1,4,1, 2,5,1, 3,6,1, 3,7,1, 4,6,1, 4,8,1, 5,9,1, 5,10,1, 6,11,1, 7,9,1, 7,10,1, 8,11,1, 8,12,1, 9,12,1, 10,13,1, 11,13,1, 12,13,1, 
n 256
s 0
14 21
0,1,1, 0,2,1, 0,3,1, 1,2,1, 1,4,1, 2,5,1, 3,6,1, 3,7,1, 4,6,1, 4,8,1, 5,9,1, 5,10,1, 6,11,1, 7,8,1, 7,12,1, 8,13,1, 9,10,1, 9,12,1, 10,13,1, 11,12,1, 11,13,1, 
n 96
s 0
14 21
0,1,1, 0,2,1, 0,3,1, 1,2,1, 1,4,1, 2,5,1, 3,6,1, 3,7,1, 4,6,1, 4,8,1, 5,9,1, 5,10,1, 6,11,1, 7,9,1, 7,10,1, 8,12,1, 8,13,1, 9,12,1, 10,13,1, 11,12,1, 11,13,1, 
n 144
s 0
14 21
0,1,1, 0,2,1, 0,3,1, 1,2,1, 1,4,1, 2,5,1, 3,6,1, 3,7,1, 4,6,1, 4,8,1, 5,9,1, 5,10,1, 6,11,1, 7,9,1, 7,11,1, 8,10,1, 8,12,1, 9,12,1, 10,13,1, 11,13,1, 12,13,1, 
n 256
s 0
14 21
0,1,1, 0,2,1, 0,3,1, 1,2,1, 1,4,1, 2,5,1, 3,6,1, 3,7,1, 4,6,1, 4,8,1, 5,9,1, 5,10,1, 6,11,1, 7,9,1, 7,11,1, 8,10,1, 8,12,1, 9,13,1, 10,12,1, 11,13,1, 12,13,1, 
n 136
s 0
14 21
0,1,1, 0,2,1, 0,3,1, 1,2,1, 1,4,1, 2,5,1, 3,6,1, 3,7,1, 4,6,1, 4,8,1, 5,9,1, 5,10,1, 6,11,1, 7,9,1, 7,11,1, 8,12,1, 8,13,1, 9,12,1, 10,12,1, 10,13,1, 11,13,1, 
n 256
s 0
14 21
0,1,1, 0,2,1, 0,3,1, 1,2,1, 1,4,1, 2,5,1, 3,6,1, 3,7,1, 4,6,1, 4,8,1, 5,9,1, 5,10,1, 6,11,1, 7,9,1, 7,11,1, 8,12,1, 8,13,1, 9,10,1, 10,12,1, 11,13,1, 12,13,1, 
n 144
s 4
14 21
0,1,1, 0,2,1, 0,3,1, 1,2,1, 1,4,1, 2,5,1, 3,6,1, 3,7,1, 4,6,1, 4,8,1, 5,9,1, 5,10,1, 6,11,1, 7,9,1, 7,11,1, 8,10,1, 8,12,1, 9,13,1, 10,13,1, 11,12,1, 12,13,1, 
n 256
s 0
14 21
0,1,1, 0,2,1, 0,3,1, 1,2,1, 1,4,1, 2,5,1, 3,6,1, 3,7,1, 4,6,1, 4,8,1, 5,9,1, 5,10,1, 6,11,1, 7,9,1, 7,12,1, 8,9,1, 8,12,1, 10,11,1, 10,13,1, 11,13,1, 12,13,1, 
n 144
s 0
14 21
0,1,1, 0,2,1, 0,3,1, 1,2,1, 1,4,1, 2,5,1, 3,6,1, 3,7,1, 4,6,1, 4,8,1, 5,9,1, 5,10,1, 6,11,1, 7,8,1, 7,12,1, 8,13,1, 9,11,1, 9,12,1, 10,12,1, 10,13,1, 11,13,1, 
n 256
s 0
14 21
0,1,1, 0,2,1, 0,3,1, 1,2,1, 1,4,1, 2,5,1, 3,6,1, 3,7,1, 4,6,1, 4,8,1, 5,9,1, 5,10,1, 6,11,1, 7,9,1, 7,12,1, 8,9,1, 8,13,1, 10,11,1, 10,12,1, 11,13,1, 12,13,1, 
n 256
s 0
14 21
0,1,1, 0,2,1, 0,3,1, 1,2,1, 1,4,1, 2,5,1, 3,6,1, 3,7,1, 4,6,1, 4,8,1, 5,9,1, 5,10,1, 6,11,1, 7,9,1, 7,12,1, 8,9,1, 8,13,1, 10,12,1, 10,13,1, 11,12,1, 11,13,1, 
n 144
s 0
14 21
0,1,1, 0,2,1, 0,3,1, 1,2,1, 1,4,1, 2,5,1, 3,6,1, 3,7,1, 4,6,1, 4,8,1, 5,9,1, 5,10,1, 6,11,1, 7,9,1, 7,12,1, 8,10,1, 8,12,1, 9,11,1, 10,13,1, 11,13,1, 12,13,1, 
n 256
s 0
14 21
0,1,1, 0,2,1, 0,3,1, 1,2,1, 1,4,1, 2,5,1, 3,6,1, 3,7,1, 4,6,1, 4,8,1, 5,9,1, 5,10,1, 6,11,1, 7,9,1, 7,12,1, 8,10,1, 8,13,1, 9,11,1, 10,12,1, 11,13,1, 12,13,1, 
n 256
s 0
14 21
0,1,1, 0,2,1, 0,3,1, 1,2,1, 1,4,1, 2,5,1, 3,6,1, 3,7,1, 4,6,1, 4,8,1, 5,9,1, 5,10,1, 6,11,1, 7,9,1, 7,12,1, 8,10,1, 8,12,1, 9,13,1, 10,13,1, 11,12,1, 11,13,1, 
n 144
s 0
14 21
0,1,1, 0,2,1, 0,3,1, 1,2,1, 1,4,1, 2,5,1, 3,6,1, 3,7,1, 4,6,1, 4,8,1, 5,9,1, 5,10,1, 6,11,1, 7,9,1, 7,12,1, 8,10,1, 8,13,1, 9,11,1, 10,13,1, 11,12,1, 12,13,1, 
n 256
s 0
14 21
0,1,1, 0,2,1, 0,3,1, 1,2,1, 1,4,1, 2,5,1, 3,6,1, 3,7,1, 4,6,1, 4,8,1, 5,9,1, 5,10,1, 6,11,1, 7,9,1, 7,12,1, 8,10,1, 8,13,1, 9,12,1, 10,13,1, 11,12,1, 11,13,1, 
n 60
s 4
14 21
0,1,1, 0,2,1, 0,3,1, 1,2,1, 1,4,1, 2,5,1, 3,6,1, 3,7,1, 4,6,1, 4,8,1, 5,9,1, 5,10,1, 6,11,1, 7,9,1, 7,12,1, 8,11,1, 8,12,1, 9,10,1, 10,13,1, 11,13,1, 12,13,1, 
n 144
s 0
14 21
0,1,1, 0,2,1, 0,3,1, 1,2,1, 1,4,1, 2,5,1, 3,6,1, 3,7,1, 4,6,1, 4,8,1, 5,9,1, 5,10,1, 6,11,1, 7,9,1, 7,12,1, 8,10,1, 8,13,1, 9,13,1, 10,12,1, 11,12,1, 11,13,1, 
n 144
s 0
14 21
0,1,1, 0,2,1, 0,3,1, 1,2,1, 1,4,1, 2,5,1, 3,6,1, 3,7,1, 4,6,1, 4,8,1, 5,9,1, 5,10,1, 6,11,1, 7,9,1, 7,12,1, 8,11,1, 8,12,1, 9,13,1, 10,12,1, 10,13,1, 11,13,1, 
n 256
s 0
14 21
0,1,1, 0,2,1, 0,3,1, 1,2,1, 1,4,1, 2,5,1, 3,6,1, 3,7,1, 4,6,1, 4,8,1, 5,9,1, 5,10,1, 6,11,1, 7,9,1, 7,12,1, 8,11,1, 8,12,1, 9,13,1, 10,11,1, 10,13,1, 12,13,1, 
n 256
s 0
14 21
0,1,1, 0,2,1, 0,3,1, 1,2,1, 1,4,1, 2,5,1, 3,6,1, 3,7,1, 4,6,1, 4,8,1, 5,9,1, 5,10,1, 6,11,1, 7,9,1, 7,12,1, 8,11,1, 8,13,1, 9,13,1, 10,12,1, 10,13,1, 11,12,1, 
n 256
s 0
14 21
0,1,1, 0,2,1, 0,3,1, 1,2,1, 1,4,1, 2,5,1, 3,6,1, 3,7,1, 4,6,1, 4,8,1, 5,9,1, 5,10,1, 6,11,1, 7,9,1, 7,12,1, 8,11,1, 8,13,1, 9,10,1, 10,13,1, 11,12,1, 12,13,1, 
n 144
s 0
14 21
0,1,1, 0,2,1, 0,3,1, 1,2,1, 1,4,1, 2,5,1, 3,6,1, 3,7,1, 4,6,1, 4,8,1, 5,9,1, 5,10,1, 6,11,1, 7,9,1, 7,12,1, 8,11,1, 8,13,1, 9,13,1, 10,11,1, 10,12,1, 12,13,1, 
n 256
s 0
14 21
0,1,1, 0,2,1, 0,3,1, 1,2,1, 1,4,1, 2,5,1, 3,6,1, 3,7,1, 4,6,1, 4,8,1, 5,9,1, 5,10,1, 6,11,1, 7,9,1, 7,12,1, 8,12,1, 8,13,1, 9,11,1, 10,11,1, 10,13,1, 12,13,1, 
n 256
s 0
14 21
0,1,1, 0,2,1, 0,3,1, 1,2,1, 1,4,1, 2,5,1, 3,6,1, 3,7,1, 4,6,1, 4,8,1, 5,9,1, 5,10,1, 6,11,1, 7,9,1, 7,12,1, 8,12,1, 8,13,1, 9,10,1, 10,13,1, 11,12,1, 11,13,1, 
n 256
s 0
14 21
0,1,1, 0,2,1, 0,3,1, 1,2,1, 1,4,1, 2,5,1, 3,6,1, 3,7,1, 4,6,1, 4,8,1, 5,9,1, 5,10,1, 6,11,1, 7,9,1, 7,12,1, 8,12,1, 8,13,1, 9,11,1, 10,12,1, 10,13,1, 11,13,1, 
n 256
s 0
14 21
0,1,1, 0,2,1, 0,3,1, 1,2,1, 1,4,1, 2,5,1, 3,6,1, 3,7,1, 4,6,1, 4,8,1, 5,9,1, 5,10,1, 6,11,1, 7,9,1, 7,12,1, 8,12,1, 8,13,1, 9,12,1, 10,11,1, 10,13,1, 11,13,1, 
n 144
s 0
14 21
0,1,1, 0,2,1, 0,3,1, 1,2,1, 1,4,1, 2,5,1, 3,6,1, 3,7,1, 4,6,1, 4,8,1, 5,9,1, 5,10,1, 6,11,1, 7,9,1, 7,12,1, 8,12,1, 8,13,1, 9,13,1, 10,11,1, 10,12,1, 11,13,1, 
n 256
s 0
14 21
0,1,1, 0,2,1, 0,3,1, 1,2,1, 1,4,1, 2,5,1, 3,6,1, 3,7,1, 4,6,1, 4,8,1, 5,9,1, 5,10,1, 6,11,1, 7,9,1, 7,12,1, 8,12,1, 8,13,1, 9,13,1, 10,11,1, 10,13,1, 11,12,1, 
n 256
s 0
14 21
0,1,1, 0,2,1, 0,3,1, 1,2,1, 1,4,1, 2,5,1, 3,6,1, 3,7,1, 4,6,1, 4,8,1, 5,9,1, 5,10,1, 6,11,1, 7,9,1, 7,12,1, 8,11,1, 8,13,1, 9,12,1, 10,11,1, 10,13,1, 12,13,1, 
n 136
s 0
14 21
0,1,1, 0,2,1, 0,3,1, 1,2,1, 1,4,1, 2,5,1, 3,6,1, 3,7,1, 4,6,1, 4,8,1, 5,7,1, 5,9,1, 6,7,1, 8,10,1, 8,11,1, 9,12,1, 9,13,1, 10,12,1, 10,13,1, 11,12,1, 11,13,1, 
n 53
s 0
14 21
0,1,1, 0,2,1, 0,3,1, 1,2,1, 1,4,1, 2,5,1, 3,6,1, 3,7,1, 4,8,1, 4,9,1, 5,10,1, 5,11,1, 6,7,1, 6,8,1, 7,10,1, 8,12,1, 9,11,1, 9,12,1, 10,13,1, 11,13,1, 12,13,1, 
n 100
s 0
14 21
0,1,1, 0,2,1, 0,3,1, 1,2,1, 1,4,1, 2,5,1, 3,6,1, 3,7,1, 4,8,1, 4,9,1, 5,10,1, 5,11,1, 6,7,1, 6,8,1, 7,10,1, 8,12,1, 9,11,1, 9,13,1, 10,13,1, 11,12,1, 12,13,1, 
n 96
s 0
14 21
0,1,1, 0,2,1, 0,3,1, 1,2,1, 1,4,1, 2,5,1, 3,6,1, 3,7,1, 4,6,1, 4,8,1, 5,9,1, 5,10,1, 6,11,1, 7,11,1, 7,12,1, 8,11,1, 8,13,1, 9,12,1, 9,13,1, 10,12,1, 10,13,1, 
n 96
s 2
14 21
0,1,1, 0,2,1, 0,3,1, 1,2,1, 1,4,1, 2,5,1, 3,6,1, 3,7,1, 4,6,1, 4,8,1, 5,9,1, 5,10,1, 6,11,1, 7,11,1, 7,12,1, 8,12,1, 8,13,1, 9,10,1, 9,11,1, 10,13,1, 12,13,1, 
n 256
s 0
14 21
0,1,1, 0,2,1, 0,3,1, 1,2,1, 1,4,1, 2,5,1, 3,6,1, 3,7,1, 4,8,1, 4,9,1, 5,10,1, 5,11,1, 6,7,1, 6,8,1, 7,12,1, 8,10,1, 9,11,1, 9,12,1, 10,13,1, 11,13,1, 12,13,1, 
n 144
s 0
14 21
0,1,1, 0,2,1, 0,3,1, 1,2,1, 1,4,1, 2,5,1, 3,6,1, 3,7,1, 4,6,1, 4,8,1, 5,9,1, 5,10,1, 6,11,1, 7,12,1, 7,13,1, 8,12,1, 8,13,1, 9,11,1, 9,12,1, 10,11,1, 10,13,1, 
n 88
s 0
14 21
0,1,1, 0,2,1, 0,3,1, 1,2,1, 1,4,1, 2,5,1, 3,6,1, 3,7,1, 4,8,1, 4,9,1, 5,10,1, 5,11,1, 6,7,1, 6,8,1, 7,10,1, 8,12,1, 9,12,1, 9,13,1, 10,13,1, 11,12,1, 11,13,1, 
n 96
s 0
14 21
0,1,1, 0,2,1, 0,3,1, 1,2,1, 1,4,1, 2,5,1, 3,6,1, 3,7,1, 4,8,1, 4,9,1, 5,10,1, 5,11,1, 6,7,1, 6,8,1, 7,12,1, 8,10,1, 9,12,1, 9,13,1, 10,11,1, 11,13,1, 12,13,1, 
n 51
s 0
14 21
0,1,1, 0,2,1, 0,3,1, 1,2,1, 1,4,1, 2,5,1, 3,6,1, 3,7,1, 4,6,1, 4,8,1, 5,9,1, 5,10,1, 6,11,1, 7,11,1, 7,12,1, 8,12,1, 8,13,1, 9,11,1, 9,13,1, 10,12,1, 10,13,1, 
n 256
s 0
14 21
0,1,1, 0,2,1, 0,3,1, 1,2,1, 1,4,1, 2,5,1, 3,6,1, 3,7,1, 4,6,1, 4,8,1, 5,9,1, 5,10,1, 6,11,1, 7,12,1, 7,13,1, 8,12,1, 8,13,1, 9,10,1, 9,11,1, 10,12,1, 11,13,1, 
n 144
s 0
14 21
0,1,1, 0,2,1, 0,3,1, 1,2,1, 1,4,1, 2,5,1, 3,6,1, 3,7,1, 4,8,1, 4,9,1, 5,10,1, 5,11,1, 6,7,1, 6,8,1, 7,12,1, 8,13,1, 9,10,1, 9,13,1, 10,12,1, 11,12,1, 11,13,1, 
n 144
s 0
14 21
0,1,1, 0,2,1, 0,3,1, 1,2,1, 1,4,1, 2,5,1, 3,6,1, 3,7,1, 4,8,1, 4,9,1, 5,10,1, 5,11,1, 6,7,1, 6,8,1, 7,12,1, 8,10,1, 9,11,1, 9,13,1, 10,13,1, 11,12,1, 12,13,1, 
n 256
s 0
14 21
0,1,1, 0,2,1, 0,3,1, 1,2,1, 1,4,1, 2,5,1, 3,6,1, 3,7,1, 4,8,1, 4,9,1, 5,10,1, 5,11,1, 6,7,1, 6,8,1, 7,12,1, 8,10,1, 9,12,1, 9,13,1, 10,13,1, 11,12,1, 11,13,1, 
n 144
s 0
14 21
0,1,1, 0,2,1, 0,3,1, 1,2,1, 1,4,1, 2,5,1, 3,6,1, 3,7,1, 4,8,1, 4,9,1, 5,10,1, 5,11,1, 6,7,1, 6,8,1, 7,12,1, 8,9,1, 9,13,1, 10,12,1, 10,13,1, 11,12,1, 11,13,1, 
n 44
s 0
14 21
0,1,1, 0,2,1, 0,3,1, 1,2,1, 1,4,1, 2,5,1, 3,6,1, 3,7,1, 4,8,1, 4,9,1, 5,10,1, 5,11,1, 6,8,1, 6,9,1, 7,10,1, 7,11,1, 8,12,1, 9,13,1, 10,12,1, 11,13,1, 12,13,1, 
n 88
s 0
14 21
0,1,1, 0,2,1, 0,3,1, 1,2,1, 1,4,1, 2,5,1, 3,6,1, 3,7,1, 4,8,1, 4,9,1, 5,10,1, 5,11,1, 6,8,1, 6,9,1, 7,10,1, 7,12,1, 8,11,1, 9,12,1, 10,13,1, 11,13,1, 12,13,1, 
n 256
s 0
14 21
0,1,1, 0,2,1, 0,3,1, 1,2,1, 1,4,1, 2,5,1, 3,6,1, 3,7,1, 4,8,1, 4,9,1, 5,10,1, 5,11,1, 6,8,1, 6,9,1, 7,10,1, 7,12,1, 8,11,1, 9,13,1, 10,13,1, 11,12,1, 12,13,1, 
n 256
s 0
14 21
0,1,1, 0,2,1, 0,3,1, 1,2,1, 1,4,1, 2,5,1, 3,6,1, 3,7,1, 4,8,1, 4,9,1, 5,10,1, 5,11,1, 6,8,1, 6,9,1, 7,10,1, 7,12,1, 8,12,1, 9,13,1, 10,13,1, 11,12,1, 11,13,1, 
n 256
s 0
14 21
0,1,1, 0,2,1, 0,3,1, 1,2,1, 1,4,1, 2,5,1, 3,6,1, 3,7,1, 4,8,1, 4,9,1, 5,10,1, 5,11,1, 6,7,1, 6,12,1, 7,13,1, 8,9,1, 8,12,1, 9,13,1, 10,11,1, 10,12,1, 11,13,1, 
n 44
s 0
14 21
0,1,1, 0,2,1, 0,3,1, 1,2,1, 1,4,1, 2,5,1, 3,6,1, 3,7,1, 4,8,1, 4,9,1, 5,10,1, 5,11,1, 6,7,1, 6,12,1, 7,13,1, 8,10,1, 8,12,1, 9,11,1, 9,13,1, 10,13,1, 11,12,1, 
n 58
s 9
14 21
0,1,1, 0,2,1, 0,3,1, 1,2,1, 1,4,1, 2,5,1, 3,6,1, 3,7,1, 4,8,1, 4,9,1, 5,10,1, 5,11,1, 6,8,1, 6,9,1, 7,12,1, 7,13,1, 8,10,1, 9,12,1, 10,13,1, 11,12,1, 11,13,1, 
n 256
s 0
14 21
0,1,1, 0,2,1, 0,3,1, 1,2,1, 1,4,1, 2,5,1, 3,6,1, 3,7,1, 4,8,1, 4,9,1, 5,10,1, 5,11,1, 6,8,1, 6,10,1, 7,9,1, 7,11,1, 8,12,1, 9,13,1, 10,12,1, 11,13,1, 12,13,1, 
n 88
s 0
14 21
0,1,1, 0,2,1, 0,3,1, 1,2,1, 1,4,1, 2,5,1, 3,6,1, 3,7,1, 4,8,1, 4,9,1, 5,10,1, 5,11,1, 6,8,1, 6,10,1, 7,9,1, 7,11,1, 8,12,1, 9,13,1, 10,13,1, 11,12,1, 12,13,1, 
n 88
s 0
14 21
0,1,1, 0,2,1, 0,3,1, 1,2,1, 1,4,1, 2,5,1, 3,6,1, 3,7,1, 4,8,1, 4,9,1, 5,10,1, 5,11,1, 6,8,1, 6,10,1, 7,9,1, 7,11,1, 8,12,1, 9,12,1, 10,13,1, 11,13,1, 12,13,1, 
n 88
s 0
14 21
0,1,1, 0,2,1, 0,3,1, 1,2,1, 1,4,1, 2,5,1, 3,6,1, 3,7,1, 4,8,1, 4,9,1, 5,10,1, 5,11,1, 6,8,1, 6,10,1, 7,9,1, 7,12,1, 8,11,1, 9,12,1, 10,13,1, 11,13,1, 12,13,1, 
n 88
s 0
14 21
0,1,1, 0,2,1, 0,3,1, 1,2,1, 1,4,1, 2,5,1, 3,6,1, 3,7,1, 4,8,1, 4,9,1, 5,10,1, 5,11,1, 6,8,1, 6,10,1, 7,9,1, 7,12,1, 8,11,1, 9,13,1, 10,12,1, 11,13,1, 12,13,1, 
n 160
s 0
14 21
0,1,1, 0,2,1, 0,3,1, 1,2,1, 1,4,1, 2,5,1, 3,6,1, 3,7,1, 4,8,1, 4,9,1, 5,10,1, 5,11,1, 6,8,1, 6,10,1, 7,9,1, 7,12,1, 8,11,1, 9,13,1, 10,13,1, 11,12,1, 12,13,1, 
n 160
s 0
14 21
0,1,1, 0,2,1, 0,3,1, 1,2,1, 1,4,1, 2,5,1, 3,6,1, 3,7,1, 4,8,1, 4,9,1, 5,10,1, 5,11,1, 6,8,1, 6,10,1, 7,9,1, 7,12,1, 8,12,1, 9,11,1, 10,13,1, 11,13,1, 12,13,1, 
n 144
s 0
14 21
0,1,1, 0,2,1, 0,3,1, 1,2,1, 1,4,1, 2,5,1, 3,6,1, 3,7,1, 4,8,1, 4,9,1, 5,10,1, 5,11,1, 6,8,1, 6,10,1, 7,9,1, 7,12,1, 8,12,1, 9,13,1, 10,13,1, 11,12,1, 11,13,1, 
n 256
s 0
14 21
0,1,1, 0,2,1, 0,3,1, 1,2,1, 1,4,1, 2,5,1, 3,6,1, 3,7,1, 4,8,1, 4,9,1, 5,10,1, 5,11,1, 6,8,1, 6,10,1, 7,9,1, 7,12,1, 8,13,1, 9,11,1, 10,12,1, 11,13,1, 12,13,1, 
n 144
s 0
14 21
0,1,1, 0,2,1, 0,3,1, 1,2,1, 1,4,1, 2,5,1, 3,6,1, 3,7,1, 4,8,1, 4,9,1, 5,10,1, 5,11,1, 6,8,1, 6,10,1, 7,9,1, 7,12,1, 8,13,1, 9,10,1, 11,12,1, 11,13,1, 12,13,1, 
n 84
s 12
14 21
0,1,1, 0,2,1, 0,3,1, 1,2,1, 1,4,1, 2,5,1, 3,6,1, 3,7,1, 4,8,1, 4,9,1, 5,10,1, 5,11,1, 6,8,1, 6,10,1, 7,9,1, 7,12,1, 8,13,1, 9,11,1, 10,13,1, 11,12,1, 12,13,1, 
n 144
s 0
14 21
0,1,1, 0,2,1, 0,3,1, 1,2,1, 1,4,1, 2,5,1, 3,6,1, 3,7,1, 4,8,1, 4,9,1, 5,10,1, 5,11,1, 6,8,1, 6,10,1, 7,9,1, 7,12,1, 8,13,1, 9,12,1, 10,13,1, 11,12,1, 11,13,1, 
n 144
s 0
14 21
0,1,1, 0,2,1, 0,3,1, 1,2,1, 1,4,1, 2,5,1, 3,6,1, 3,7,1, 4,8,1, 4,9,1, 5,10,1, 5,11,1, 6,8,1, 6,9,1, 7,8,1, 7,12,1, 9,13,1, 10,12,1, 10,13,1, 11,12,1, 11,13,1, 
n 96
s 0
14 21
0,1,1, 0,2,1, 0,3,1, 1,2,1, 1,4,1, 2,5,1, 3,6,1, 3,7,1, 4,8,1, 4,9,1, 5,10,1, 5,11,1, 6,8,1, 6,9,1, 7,10,1, 7,11,1, 8,12,1, 9,12,1, 10,13,1, 11,13,1, 12,13,1, 
n 62
s 0
14 21
0,1,1, 0,2,1, 0,3,1, 1,2,1, 1,4,1, 2,5,1, 3,6,1, 3,7,1, 4,8,1, 4,9,1, 5,10,1, 5,11,1, 6,7,1, 6,12,1, 7,13,1, 8,10,1, 8,12,1, 9,11,1, 9,12,1, 10,13,1, 11,13,1, 
n 60
s 0
14 21
0,1,1, 0,2,1, 0,3,1, 1,2,1, 1,4,1, 2,5,1, 3,6,1, 3,7,1, 4,8,1, 4,9,1, 5,10,1, 5,11,1, 6,8,1, 6,10,1, 7,12,1, 7,13,1, 8,11,1, 9,12,1, 9,13,1, 10,12,1, 11,13,1, 
n 144
s 0
14 21
0,1,1, 0,2,1, 0,3,1, 1,2,1, 1,4,1, 2,5,1, 3,6,1, 3,7,1, 4,8,1, 4,9,1, 5,10,1, 5,11,1, 6,8,1, 6,10,1, 7,9,1, 7,12,1, 8,13,1, 9,13,1, 10,12,1, 11,12,1, 11,13,1, 
n 256
s 0
14 21
0,1,1, 0,2,1, 0,3,1, 1,2,1, 1,4,1, 2,5,1, 3,6,1, 3,7,1, 4,8,1, 4,9,1, 5,10,1, 5,11,1, 6,8,1, 6,10,1, 7,12,1, 7,13,1, 8,12,1, 9,11,1, 9,12,1, 10,13,1, 11,13,1, 
n 144
s 0
14 21
0,1,1, 0,2,1, 0,3,1, 1,2,1, 1,4,1, 2,5,1, 3,6,1, 3,7,1, 4,8,1, 4,9,1, 5,10,1, 5,11,1, 6,8,1, 6,12,1, 7,10,1, 7,12,1, 8,13,1, 9,11,1, 9,12,1, 10,13,1, 11,13,1, 
n 144
s 0
14 21
0,1,1, 0,2,1, 0,3,1, 1,2,1, 1,4,1, 2,5,1, 3,6,1, 3,7,1, 4,8,1, 4,9,1, 5,10,1, 5,11,1, 6,8,1, 6,10,1, 7,12,1, 7,13,1, 8,12,1, 9,11,1, 9,13,1, 10,12,1, 11,13,1, 
n 84
s 0
14 21
0,1,1, 0,2,1, 0,3,1, 1,2,1, 1,4,1, 2,5,1, 3,6,1, 3,7,1, 4,8,1, 4,9,1, 5,10,1, 5,11,1, 6,8,1, 6,10,1, 7,12,1, 7,13,1, 8,12,1, 9,11,1, 9,13,1, 10,13,1, 11,12,1, 
n 144
s 0
14 21
0,1,1, 0,2,1, 0,3,1, 1,2,1, 1,4,1, 2,5,1, 3,6,1, 3,7,1, 4,8,1, 4,9,1, 5,10,1, 5,11,1, 6,8,1, 6,12,1, 7,10,1, 7,13,1, 8,13,1, 9,11,1, 9,12,1, 10,12,1, 11,13,1, 
n 60
s 0
14 21
0,1,1, 0,2,1, 0,3,1, 1,4,1, 1,5,1, 2,4,1, 2,5,1, 3,4,1, 3,6,1, 5,6,1, 6,7,1, 7,8,1, 7,9,1, 8,10,1, 8,11,1, 9,12,1, 9,13,1, 10,12,1, 10,13,1, 11,12,1, 11,13,1, 
n 21
s 6
14 21
0,1,1, 0,2,1, 0,3,1, 1,2,1, 1,4,1, 2,5,1, 3,6,1, 3,7,1, 4,8,1, 4,9,1, 5,10,1, 5,11,1, 6,8,1, 6,10,1, 7,12,1, 7,13,1, 8,10,1, 9,12,1, 9,13,1, 11,12,1, 11,13,1, 
n 29
s 0
14 21
0,1,1, 0,2,1, 0,3,1, 1,4,1, 1,5,1, 2,4,1, 2,5,1, 3,4,1, 3,6,1, 5,7,1, 6,7,1, 6,8,1, 7,9,1, 8,10,1, 8,11,1, 9,12,1, 9,13,1, 10,12,1, 10,13,1, 11,12,1, 11,13,1, 
n 22
s 0
14 21
0,1,1, 0,2,1, 0,3,1, 1,4,1, 1,5,1, 2,4,1, 2,5,1, 3,6,1, 3,7,1, 4,6,1, 5,8,1, 6,9,1, 7,8,1, 7,10,1, 8,11,1, 9,12,1, 9,13,1, 10,12,1, 10,13,1, 11,12,1, 11,13,1, 
n 55
s 0
14 21
0,1,1, 0,2,1, 0,3,1, 1,4,1, 1,5,1, 2,4,1, 2,5,1, 3,6,1, 3,7,1, 4,6,1, 5,8,1, 6,9,1, 7,10,1, 7,11,1, 8,10,1, 8,12,1, 9,11,1, 9,12,1, 10,13,1, 11,13,1, 12,13,1, 
n 96
s 2
14 21
0,1,1, 0,2,1, 0,3,1, 1,4,1, 1,5,1, 2,4,1, 2,5,1, 3,6,1, 3,7,1, 4,6,1, 5,8,1, 6,9,1, 7,10,1, 7,11,1, 8,10,1, 8,12,1, 9,11,1, 9,13,1, 10,13,1, 11,12,1, 12,13,1, 
n 160
s 0
14 21
0,1,1, 0,2,1, 0,3,1, 1,4,1, 1,5,1, 2,4,1, 2,5,1, 3,4,1, 3,6,1, 5,7,1, 6,8,1, 6,9,1, 7,8,1, 7,10,1, 8,11,1, 9,12,1, 9,13,1, 10,12,1, 10,13,1, 11,12,1, 11,13,1, 
n 45
s 0
14 21
0,1,1, 0,2,1, 0,3,1, 1,4,1, 1,5,1, 2,4,1, 2,5,1, 3,6,1, 3,7,1, 4,8,1, 5,9,1, 6,8,1, 6,9,1, 7,10,1, 7,11,1, 8,12,1, 9,13,1, 10,12,1, 10,13,1, 11,12,1, 11,13,1, 
n 16
s 0
14 21
0,1,1, 0,2,1, 0,3,1, 1,4,1, 1,5,1, 2,4,1, 2,5,1, 3,6,1, 3,7,1, 4,6,1, 5,8,1, 6,9,1, 7,10,1, 7,11,1, 8,10,1, 8,12,1, 9,12,1, 9,13,1, 10,13,1, 11,12,1, 11,13,1, 
n 96
s 0
14 21
0,1,1, 0,2,1, 0,3,1, 1,4,1, 1,5,1, 2,4,1, 2,5,1, 3,6,1, 3,7,1, 4,8,1, 5,9,1, 6,8,1, 6,10,1, 7,9,1, 7,11,1, 8,12,1, 9,13,1, 10,11,1, 10,12,1, 11,13,1, 12,13,1, 
n 96
s 0
14 21
0,1,1, 0,2,1, 0,3,1, 1,4,1, 1,5,1, 2,4,1, 2,5,1, 3,6,1, 3,7,1, 4,8,1, 5,9,1, 6,8,1, 6,10,1, 7,9,1, 7,11,1, 8,12,1, 9,13,1, 10,11,1, 10,13,1, 11,12,1, 12,13,1, 
n 96
s 0
14 21
0,1,1, 0,2,1, 0,3,1, 1,4,1, 1,5,1, 2,4,1, 2,5,1, 3,6,1, 3,7,1, 4,8,1, 5,9,1, 6,8,1, 6,10,1, 7,9,1, 7,11,1, 8,12,1, 9,13,1, 10,12,1, 10,13,1, 11,12,1, 11,13,1, 
n 88
s 0
14 21
0,1,1, 0,2,1, 0,3,1, 1,4,1, 1,5,1, 2,4,1, 2,5,1, 3,6,1, 3,7,1, 4,6,1, 5,8,1, 6,9,1, 7,9,1, 7,10,1, 8,11,1, 8,12,1, 9,13,1, 10,11,1, 10,12,1, 11,13,1, 12,13,1, 
n 42
s 0
14 21
0,1,1, 0,2,1, 0,3,1, 1,4,1, 1,5,1, 2,4,1, 2,5,1, 3,6,1, 3,7,1, 4,8,1, 5,9,1, 6,8,1, 6,10,1, 7,10,1, 7,11,1, 8,12,1, 9,11,1, 9,13,1, 10,13,1, 11,12,1, 12,13,1, 
n 160
s 0
14 21
0,1,1, 0,2,1, 0,3,1, 1,4,1, 1,5,1, 2,4,1, 2,5,1, 3,6,1, 3,7,1, 4,8,1, 5,9,1, 6,8,1, 6,10,1, 7,11,1, 7,12,1, 8,11,1, 9,10,1, 9,12,1, 10,13,1, 11,13,1, 12,13,1, 
n 160
s 0
14 21
0,1,1, 0,2,1, 0,3,1, 1,4,1, 1,5,1, 2,4,1, 2,5,1, 3,4,1, 3,6,1, 5,7,1, 6,8,1, 6,9,1, 7,10,1, 7,11,1, 8,10,1, 8,12,1, 9,12,1, 9,13,1, 10,13,1, 11,12,1, 11,13,1, 
n 66
s 0
14 21
0,1,1, 0,2,1, 0,3,1, 1,4,1, 1,5,1, 2,4,1, 2,5,1, 3,6,1, 3,7,1, 4,8,1, 5,9,1, 6,8,1, 6,10,1, 7,11,1, 7,12,1, 8,13,1, 9,10,1, 9,11,1, 10,12,1, 11,13,1, 12,13,1, 
n 88
s 0
14 21
0,1,1, 0,2,1, 0,3,1, 1,4,1, 1,5,1, 2,4,1, 2,5,1, 3,6,1, 3,7,1, 4,8,1, 5,9,1, 6,8,1, 6,10,1, 7,11,1, 7,12,1, 8,11,1, 9,12,1, 9,13,1, 10,12,1, 10,13,1, 11,13,1, 
n 96
s 0
14 21
0,1,1, 0,2,1, 0,3,1, 1,4,1, 1,5,1, 2,4,1, 2,6,1, 3,5,1, 3,6,1, 4,7,1, 5,8,1, 6,9,1, 7,10,1, 7,11,1, 8,10,1, 8,12,1, 9,11,1, 9,12,1, 10,13,1, 11,13,1, 12,13,1, 
n 37
s 1
14 21
0,1,1, 0,2,1, 0,3,1, 1,4,1, 1,5,1, 2,4,1, 2,6,1, 3,5,1, 3,6,1, 4,7,1, 5,8,1, 6,9,1, 7,10,1, 7,11,1, 8,10,1, 8,12,1, 9,11,1, 9,13,1, 10,13,1, 11,12,1, 12,13,1, 
n 144
s 2
14 21
0,1,1, 0,2,1, 0,3,1, 1,4,1, 1,5,1, 2,4,1, 2,5,1, 3,6,1, 3,7,1, 4,8,1, 5,9,1, 6,10,1, 6,11,1, 7,10,1, 7,12,1, 8,10,1, 8,13,1, 9,11,1, 9,12,1, 11,13,1, 12,13,1, 
n 60
s 0
14 21
0,1,1, 0,2,1, 0,3,1, 1,4,1, 1,5,1, 2,4,1, 2,5,1, 3,6,1, 3,7,1, 4,8,1, 5,9,1, 6,10,1, 6,11,1, 7,12,1, 7,13,1, 8,10,1, 8,12,1, 9,11,1, 9,13,1, 10,13,1, 11,12,1, 
n 29
s 8
14 21
0,1,1, 0,2,1, 0,3,1, 1,4,1, 1,5,1, 2,4,1, 2,6,1, 3,5,1, 3,7,1, 4,8,1, 5,9,1, 6,7,1, 6,10,1, 7,11,1, 8,9,1, 8,12,1, 9,13,1, 10,11,1, 10,12,1, 11,13,1, 12,13,1, 
n 100
s 0
14 21
0,1,1, 0,2,1, 0,3,1, 1,4,1, 1,5,1, 2,4,1, 2,6,1, 3,5,1, 3,7,1, 4,7,1, 5,8,1, 6,9,1, 6,10,1, 7,11,1, 8,12,1, 8,13,1, 9,11,1, 9,12,1, 10,12,1, 10,13,1, 11,13,1, 
n 84
s 0
14 21
0,1,1, 0,2,1, 0,3,1, 1,4,1, 1,5,1, 2,4,1, 2,6,1, 3,5,1, 3,7,1, 4,8,1, 5,9,1, 6,7,1, 6,10,1, 7,11,1, 8,9,1, 8,12,1, 9,13,1, 10,12,1, 10,13,1, 11,12,1, 11,13,1, 
n 96
s 0
14 21
0,1,1, 0,2,1, 0,3,1, 1,4,1, 1,5,1, 2,4,1, 2,6,1, 3,5,1, 3,7,1, 4,8,1, 5,9,1, 6,7,1, 6,10,1, 7,11,1, 8,10,1, 8,12,1, 9,11,1, 9,12,1, 10,13,1, 11,13,1, 12,13,1, 
n 84
s 0
14 21
0,1,1, 0,2,1, 0,3,1, 1,4,1, 1,5,1, 2,4,1, 2,6,1, 3,5,1, 3,7,1, 4,8,1, 5,9,1, 6,7,1, 6,10,1, 7,11,1, 8,10,1, 8,12,1, 9,11,1, 9,13,1, 10,13,1, 11,12,1, 12,13,1, 
n 144
s 0
14 21
0,1,1, 0,2,1, 0,3,1, 1,4,1, 1,5,1, 2,4,1, 2,6,1, 3,5,1, 3,7,1, 4,8,1, 5,9,1, 6,7,1, 6,10,1, 7,11,1, 8,10,1, 8,12,1, 9,12,1, 9,13,1, 10,13,1, 11,12,1, 11,13,1, 
n 256
s 0
14 21
0,1,1, 0,2,1, 0,3,1, 1,4,1, 1,5,1, 2,4,1, 2,6,1, 3,5,1, 3,7,1, 4,8,1, 5,9,1, 6,7,1, 6,10,1, 7,11,1, 8,11,1, 8,12,1, 9,10,1, 9,12,1, 10,13,1, 11,13,1, 12,13,1, 
n 84
s 0
14 21
0,1,1, 0,2,1, 0,3,1, 1,4,1, 1,5,1, 2,4,1, 2,6,1, 3,5,1, 3,7,1, 4,8,1, 5,9,1, 6,7,1, 6,10,1, 7,11,1, 8,11,1, 8,12,1, 9,10,1, 9,13,1, 10,12,1, 11,13,1, 12,13,1, 
n 144
s 0
14 21
0,1,1, 0,2,1, 0,3,1, 1,4,1, 1,5,1, 2,4,1, 2,6,1, 3,5,1, 3,7,1, 4,8,1, 5,9,1, 6,7,1, 6,10,1, 7,11,1, 8,9,1, 8,12,1, 9,13,1, 10,11,1, 10,13,1, 11,12,1, 12,13,1, 
n 96
s 0
14 21
0,1,1, 0,2,1, 0,3,1, 1,4,1, 1,5,1, 2,4,1, 2,6,1, 3,5,1, 3,7,1, 4,8,1, 5,9,1, 6,7,1, 6,10,1, 7,11,1, 8,12,1, 8,13,1, 9,12,1, 9,13,1, 10,11,1, 10,12,1, 11,13,1, 
n 144
s 0
14 21
0,1,1, 0,2,1, 0,3,1, 1,4,1, 1,5,1, 2,4,1, 2,6,1, 3,5,1, 3,7,1, 4,8,1, 5,9,1, 6,7,1, 6,10,1, 7,11,1, 8,11,1, 8,12,1, 9,12,1, 9,13,1, 10,12,1, 10,13,1, 11,13,1, 
n 256
s 0
14 21
0,1,1, 0,2,1, 0,3,1, 1,4,1, 1,5,1, 2,4,1, 2,5,1, 3,4,1, 3,6,1, 5,7,1, 6,8,1, 6,9,1, 7,10,1, 7,11,1, 8,10,1, 8,12,1, 9,11,1, 9,12,1, 10,13,1, 11,13,1, 12,13,1, 
n 53
s 1
14 21
0,1,1, 0,2,1, 0,3,1, 1,4,1, 1,5,1, 2,4,1, 2,6,1, 3,5,1, 3,7,1, 4,7,1, 5,8,1, 6,9,1, 6,10,1, 7,11,1, 8,9,1, 8,12,1, 9,13,1, 10,11,1, 10,12,1, 11,13,1, 12,13,1, 
n 136
s 0
14 21
0,1,1, 0,2,1, 0,3,1, 1,4,1, 1,5,1, 2,4,1, 2,5,1, 3,4,1, 3,6,1, 5,7,1, 6,8,1, 6,9,1, 7,10,1, 7,11,1, 8,10,1, 8,12,1, 9,11,1, 9,13,1, 10,13,1, 11,12,1, 12,13,1, 
n 53
s 0
14 21
0,1,1, 0,2,1, 0,3,1, 1,4,1, 1,5,1, 2,4,1, 2,6,1, 3,5,1, 3,7,1, 4,8,1, 5,9,1, 6,8,1, 6,10,1, 7,10,1, 7,11,1, 8,12,1, 9,12,1, 9,13,1, 10,13,1, 11,12,1, 11,13,1, 
n 100
s 0
14 21
0,1,1, 0,2,1, 0,3,1, 1,4,1, 1,5,1, 2,4,1, 2,6,1, 3,5,1, 3,7,1, 4,8,1, 5,9,1, 6,8,1, 6,10,1, 7,10,1, 7,11,1, 8,12,1, 9,11,1, 9,13,1, 10,13,1, 11,12,1, 12,13,1, 
n 144
s 0
14 21
0,1,1, 0,2,1, 0,3,1, 1,4,1, 1,5,1, 2,4,1, 2,6,1, 3,5,1, 3,7,1, 4,8,1, 5,9,1, 6,8,1, 6,10,1, 7,9,1, 7,11,1, 8,12,1, 9,13,1, 10,11,1, 10,12,1, 11,13,1, 12,13,1, 
n 27
s 0
14 21
0,1,1, 0,2,1, 0,3,1, 1,4,1, 1,5,1, 2,4,1, 2,6,1, 3,5,1, 3,7,1, 4,8,1, 5,9,1, 6,9,1, 6,10,1, 7,8,1, 7,11,1, 8,12,1, 9,13,1, 10,11,1, 10,12,1, 11,13,1, 12,13,1, 
n 96
s 0
14 21
0,1,1, 0,2,1, 0,3,1, 1,4,1, 1,5,1, 2,4,1, 2,6,1, 3,5,1, 3,7,1, 4,8,1, 5,9,1, 6,9,1, 6,10,1, 7,10,1, 7,11,1, 8,11,1, 8,12,1, 9,13,1, 10,12,1, 11,13,1, 12,13,1, 
n 256
s 0
14 21
0,1,1, 0,2,1, 0,3,1, 1,4,1, 1,5,1, 2,4,1, 2,6,1, 3,5,1, 3,7,1, 4,8,1, 5,9,1, 6,8,1, 6,10,1, 7,9,1, 7,11,1, 8,12,1, 9,13,1, 10,11,1, 10,13,1, 11,12,1, 12,13,1, 
n 96
s 0
14 21
0,1,1, 0,2,1, 0,3,1, 1,4,1, 1,5,1, 2,4,1, 2,6,1, 3,5,1, 3,7,1, 4,8,1, 5,9,1, 6,9,1, 6,10,1, 7,10,1, 7,11,1, 8,12,1, 8,13,1, 9,12,1, 10,13,1, 11,12,1, 11,13,1, 
n 84
s 0
14 21
0,1,1, 0,2,1, 0,3,1, 1,4,1, 1,5,1, 2,4,1, 2,6,1, 3,5,1, 3,7,1, 4,8,1, 5,9,1, 6,9,1, 6,10,1, 7,11,1, 7,12,1, 8,10,1, 8,11,1, 9,13,1, 10,12,1, 11,13,1, 12,13,1, 
n 256
s 0
14 21
0,1,1, 0,2,1, 0,3,1, 1,4,1, 1,5,1, 2,4,1, 2,6,1, 3,5,1, 3,7,1, 4,8,1, 5,9,1, 6,9,1, 6,10,1, 7,11,1, 7,12,1, 8,10,1, 8,13,1, 9,11,1, 10,12,1, 11,13,1, 12,13,1, 
n 84
s 0
14 21
0,1,1, 0,2,1, 0,3,1, 1,4,1, 1,5,1, 2,4,1, 2,6,1, 3,5,1, 3,7,1, 4,8,1, 5,9,1, 6,8,1, 6,10,1, 7,11,1, 7,12,1, 8,11,1, 9,10,1, 9,13,1, 10,12,1, 11,13,1, 12,13,1, 
n 96
s 0
14 21
0,1,1, 0,2,1, 0,3,1, 1,4,1, 1,5,1, 2,4,1, 2,6,1, 3,5,1, 3,7,1, 4,8,1, 5,9,1, 6,9,1, 6,10,1, 7,11,1, 7,12,1, 8,11,1, 8,12,1, 9,13,1, 10,11,1, 10,13,1, 12,13,1, 
n 144
s 0
14 21
0,1,1, 0,2,1, 0,3,1, 1,4,1, 1,5,1, 2,4,1, 2,6,1, 3,5,1, 3,7,1, 4,8,1, 5,9,1, 6,10,1, 6,11,1, 7,10,1, 7,12,1, 8,10,1, 8,13,1, 9,11,1, 9,12,1, 11,13,1, 12,13,1, 
n 256
s 0
14 21
0,1,1, 0,2,1, 0,3,1, 1,4,1, 1,5,1, 2,4,1, 2,6,1, 3,5,1, 3,7,1, 4,8,1, 5,9,1, 6,8,1, 6,10,1, 7,11,1, 7,12,1, 8,11,1, 9,12,1, 9,13,1, 10,12,1, 10,13,1, 11,13,1, 
n 136
s 0
14 21
0,1,1, 0,2,1, 0,3,1, 1,4,1, 1,5,1, 2,4,1, 2,6,1, 3,5,1, 3,7,1, 4,8,1, 5,9,1, 6,10,1, 6,11,1, 7,10,1, 7,11,1, 8,12,1, 8,13,1, 9,12,1, 9,13,1, 10,12,1, 11,13,1, 
n 60
s 0
14 21
0,1,1, 0,2,1, 0,3,1, 1,4,1, 1,5,1, 2,4,1, 2,6,1, 3,5,1, 3,7,1, 4,8,1, 5,9,1, 6,10,1, 6,11,1, 7,10,1, 7,12,1, 8,10,1, 8,13,1, 9,12,1, 9,13,1, 11,12,1, 11,13,1, 
n 256
s 0
14 21
0,1,1, 0,2,1, 0,3,1, 1,4,1, 1,5,1, 2,4,1, 2,6,1, 3,5,1, 3,7,1, 4,8,1, 5,9,1, 6,10,1, 6,11,1, 7,10,1, 7,12,1, 8,10,1, 8,13,1, 9,11,1, 9,13,1, 11,12,1, 12,13,1, 
n 256
s 0
14 21
0,1,1, 0,2,1, 0,3,1, 1,4,1, 1,5,1, 2,4,1, 2,6,1, 3,5,1, 3,7,1, 4,8,1, 5,9,1, 6,10,1, 6,11,1, 7,10,1, 7,12,1, 8,11,1, 8,13,1, 9,12,1, 9,13,1, 10,13,1, 11,12,1, 
n 96
s 0
14 21
0,1,1, 0,2,1, 0,3,1, 1,4,1, 1,5,1, 2,4,1, 2,6,1, 3,5,1, 3,7,1, 4,8,1, 5,9,1, 6,10,1, 6,11,1, 7,10,1, 7,12,1, 8,12,1, 8,13,1, 9,11,1, 9,13,1, 10,13,1, 11,12,1, 
n 96
s 0
14 21
0,1,1, 0,2,1, 0,3,1, 1,4,1, 1,5,1, 2,4,1, 2,6,1, 3,7,1, 3,8,1, 4,7,1, 5,6,1, 5,9,1, 6,10,1, 7,11,1, 8,9,1, 8,12,1, 9,13,1, 10,12,1, 10,13,1, 11,12,1, 11,13,1, 
n 144
s 0
14 21
0,1,1, 0,2,1, 0,3,1, 1,4,1, 1,5,1, 2,4,1, 2,5,1, 3,6,1, 3,7,1, 4,8,1, 5,9,1, 6,8,1, 6,10,1, 7,8,1, 7,11,1, 9,12,1, 9,13,1, 10,12,1, 10,13,1, 11,12,1, 11,13,1, 
n 29
s 0
14 21
0,1,1, 0,2,1, 0,3,1, 1,4,1, 1,5,1, 2,4,1, 2,6,1, 3,7,1, 3,8,1, 4,7,1, 5,6,1, 5,9,1, 6,10,1, 7,11,1, 8,11,1, 8,12,1, 9,12,1, 9,13,1, 10,12,1, 10,13,1, 11,13,1, 
n 56
s 0
14 21
0,1,1, 0,2,1, 0,3,1, 1,4,1, 1,5,1, 2,4,1, 2,6,1, 3,5,1, 3,7,1, 4,8,1, 5,9,1, 6,10,1, 6,11,1, 7,12,1, 7,13,1, 8,10,1, 8,11,1, 9,12,1, 9,13,1, 10,12,1, 11,13,1, 
n 60
s 0
14 21
0,1,1, 0,2,1, 0,3,1, 1,4,1, 1,5,1, 2,4,1, 2,6,1, 3,7,1, 3,8,1, 4,7,1, 5,8,1, 5,9,1, 6,10,1, 6,11,1, 7,12,1, 8,10,1, 9,11,1, 9,13,1, 10,13,1, 11,12,1, 12,13,1, 
n 136
s 0
14 21
0,1,1, 0,2,1, 0,3,1, 1,4,1, 1,5,1, 2,4,1, 2,6,1, 3,7,1, 3,8,1, 4,7,1, 5,8,1, 5,9,1, 6,9,1, 6,10,1, 7,11,1, 8,12,1, 9,13,1, 10,11,1, 10,12,1, 11,13,1, 12,13,1, 
n 136
s 0
14 21
0,1,1, 0,2,1, 0,3,1, 1,4,1, 1,5,1, 2,4,1, 2,6,1, 3,7,1, 3,8,1, 4,7,1, 5,8,1, 5,9,1, 6,10,1, 6,11,1, 7,12,1, 8,13,1, 9,10,1, 9,11,1, 10,12,1, 11,13,1, 12,13,1, 
n 144
s 0
14 21
0,1,1, 0,2,1, 0,3,1, 1,4,1, 1,5,1, 2,4,1, 2,6,1, 3,7,1, 3,8,1, 4,7,1, 5,8,1, 5,9,1, 6,10,1, 6,11,1, 7,12,1, 8,13,1, 9,10,1, 9,12,1, 10,13,1, 11,12,1, 11,13,1, 
n 144
s 0
14 21
0,1,1, 0,2,1, 0,3,1, 1,4,1, 1,5,1, 2,4,1, 2,6,1, 3,7,1, 3,8,1, 4,7,1, 5,9,1, 5,10,1, 6,9,1, 6,11,1, 7,12,1, 8,9,1, 8,13,1, 10,11,1, 10,12,1, 11,13,1, 12,13,1, 
n 256
s 0
14 21
0,1,1, 0,2,1, 0,3,1, 1,4,1, 1,5,1, 2,4,1, 2,6,1, 3,7,1, 3,8,1, 4,7,1, 5,8,1, 5,9,1, 6,10,1, 6,11,1, 7,12,1, 8,13,1, 9,10,1, 9,13,1, 10,12,1, 11,12,1, 11,13,1, 
n 256
s 0
14 21
0,1,1, 0,2,1, 0,3,1, 1,4,1, 1,5,1, 2,4,1, 2,6,1, 3,5,1, 3,7,1, 4,8,1, 5,9,1, 6,10,1, 6,11,1, 7,12,1, 7,13,1, 8,10,1, 8,12,1, 9,11,1, 9,13,1, 10,13,1, 11,12,1, 
n 96
s 0
14 21
0,1,1, 0,2,1, 0,3,1, 1,4,1, 1,5,1, 2,4,1, 2,6,1, 3,7,1, 3,8,1, 4,7,1, 5,9,1, 5,10,1, 6,9,1, 6,11,1, 7,12,1, 8,9,1, 8,13,1, 10,12,1, 10,13,1, 11,12,1, 11,13,1, 
n 136
s 0
14 21
0,1,1, 0,2,1, 0,3,1, 1,4,1, 1,5,1, 2,4,1, 2,6,1, 3,5,1, 3,7,1, 4,8,1, 5,9,1, 6,10,1, 6,11,1, 7,12,1, 7,13,1, 8,12,1, 8,13,1, 9,10,1, 9,11,1, 10,12,1, 11,13,1, 
n 60
s 0
14 21
0,1,1, 0,2,1, 0,3,1, 1,4,1, 1,5,1, 2,4,1, 2,6,1, 3,7,1, 3,8,1, 4,7,1, 5,9,1, 5,10,1, 6,11,1, 6,12,1, 7,13,1, 8,9,1, 8,10,1, 9,11,1, 10,12,1, 11,13,1, 12,13,1, 
n 84
s 0
14 21
0,1,1, 0,2,1, 0,3,1, 1,4,1, 1,5,1, 2,4,1, 2,6,1, 3,7,1, 3,8,1, 4,7,1, 5,9,1, 5,10,1, 6,9,1, 6,11,1, 7,12,1, 8,10,1, 8,11,1, 9,13,1, 10,12,1, 11,13,1, 12,13,1, 
n 256
s 0
14 21
0,1,1, 0,2,1, 0,3,1, 1,4,1, 1,5,1, 2,4,1, 2,6,1, 3,7,1, 3,8,1, 4,7,1, 5,9,1, 5,10,1, 6,9,1, 6,11,1, 7,12,1, 8,10,1, 8,13,1, 9,13,1, 10,11,1, 11,12,1, 12,13,1, 
n 144
s 0
14 21
0,1,1, 0,2,1, 0,3,1, 1,4,1, 1,5,1, 2,4,1, 2,6,1, 3,7,1, 3,8,1, 4,7,1, 5,9,1, 5,10,1, 6,11,1, 6,12,1, 7,13,1, 8,9,1, 8,11,1, 9,12,1, 10,12,1, 10,13,1, 11,13,1, 
n 144
s 0
14 21
0,1,1, 0,2,1, 0,3,1, 1,4,1, 1,5,1, 2,4,1, 2,6,1, 3,7,1, 3,8,1, 4,7,1, 5,9,1, 5,10,1, 6,11,1, 6,12,1, 7,13,1, 8,9,1, 8,11,1, 9,12,1, 10,11,1, 10,13,1, 12,13,1, 
n 84
s 0
14 21
0,1,1, 0,2,1, 0,3,1, 1,4,1, 1,5,1, 2,4,1, 2,6,1, 3,7,1, 3,8,1, 4,9,1, 5,7,1, 5,10,1, 6,8,1, 6,11,1, 7,11,1, 8,12,1, 9,10,1, 9,12,1, 10,13,1, 11,13,1, 12,13,1, 
n 144
s 0
14 21
0,1,1, 0,2,1, 0,3,1, 1,4,1, 1,5,1, 2,4,1, 2,6,1, 3,7,1, 3,8,1, 4,9,1, 5,7,1, 5,10,1, 6,8,1, 6,10,1, 7,11,1, 8,12,1, 9,11,1, 9,12,1, 10,13,1, 11,13,1, 12,13,1, 
n 84
s 0
14 21
0,1,1, 0,2,1, 0,3,1, 1,4,1, 1,5,1, 2,4,1, 2,6,1, 3,7,1, 3,8,1, 4,9,1, 5,7,1, 5,10,1, 6,8,1, 6,11,1, 7,11,1, 8,12,1, 9,12,1, 9,13,1, 10,12,1, 10,13,1, 11,13,1, 
n 256
s 0
14 21
0,1,1, 0,2,1, 0,3,1, 1,4,1, 1,5,1, 2,4,1, 2,6,1, 3,7,1, 3,8,1, 4,9,1, 5,7,1, 5,10,1, 6,8,1, 6,11,1, 7,12,1, 8,12,1, 9,10,1, 9,11,1, 10,13,1, 11,13,1, 12,13,1, 
n 37
s 0
14 21
0,1,1, 0,2,1, 0,3,1, 1,4,1, 1,5,1, 2,4,1, 2,6,1, 3,7,1, 3,8,1, 4,9,1, 5,7,1, 5,10,1, 6,8,1, 6,10,1, 7,11,1, 8,12,1, 9,11,1, 9,13,1, 10,13,1, 11,12,1, 12,13,1, 
n 144
s 0
14 21
0,1,1, 0,2,1, 0,3,1, 1,4,1, 1,5,1, 2,4,1, 2,6,1, 3,7,1, 3,8,1, 4,9,1, 5,7,1, 5,10,1, 6,8,1, 6,11,1, 7,12,1, 8,13,1, 9,10,1, 9,11,1, 10,13,1, 11,12,1, 12,13,1, 
n 51
s 0
14 21
0,1,1, 0,2,1, 0,3,1, 1,4,1, 1,5,1, 2,4,1, 2,6,1, 3,7,1, 3,8,1, 4,9,1, 5,7,1, 5,10,1, 6,8,1, 6,11,1, 7,12,1, 8,13,1, 9,10,1, 9,13,1, 10,11,1, 11,12,1, 12,13,1, 
n 144
s 0
14 21
0,1,1, 0,2,1, 0,3,1, 1,4,1, 1,5,1, 2,4,1, 2,6,1, 3,7,1, 3,8,1, 4,9,1, 5,7,1, 5,10,1, 6,8,1, 6,11,1, 7,11,1, 8,12,1, 9,10,1, 9,13,1, 10,12,1, 11,13,1, 12,13,1, 
n 256
s 0
14 21
0,1,1, 0,2,1, 0,3,1, 1,4,1, 1,5,1, 2,4,1, 2,6,1, 3,7,1, 3,8,1, 4,9,1, 5,7,1, 5,10,1, 6,8,1, 6,11,1, 7,12,1, 8,12,1, 9,10,1, 9,13,1, 10,11,1, 11,13,1, 12,13,1, 
n 144
s 0
14 21
0,1,1, 0,2,1, 0,3,1, 1,4,1, 1,5,1, 2,4,1, 2,6,1, 3,7,1, 3,8,1, 4,9,1, 5,7,1, 5,10,1, 6,8,1, 6,11,1, 7,12,1, 8,13,1, 9,12,1, 9,13,1, 10,11,1, 10,12,1, 11,13,1, 
n 144
s 0
14 21
0,1,1, 0,2,1, 0,3,1, 1,4,1, 1,5,1, 2,4,1, 2,6,1, 3,7,1, 3,8,1, 4,9,1, 5,7,1, 5,10,1, 6,10,1, 6,11,1, 7,11,1, 8,12,1, 8,13,1, 9,12,1, 9,13,1, 10,12,1, 11,13,1, 
n 144
s 0
14 21
0,1,1, 0,2,1, 0,3,1, 1,4,1, 1,5,1, 2,4,1, 2,6,1, 3,7,1, 3,8,1, 4,9,1, 5,7,1, 5,10,1, 6,8,1, 6,11,1, 7,12,1, 8,13,1, 9,12,1, 9,13,1, 10,11,1, 10,13,1, 11,12,1, 
n 144
s 0
14 21
0,1,1, 0,2,1, 0,3,1, 1,4,1, 1,5,1, 2,4,1, 2,6,1, 3,7,1, 3,8,1, 4,9,1, 5,7,1, 5,10,1, 6,10,1, 6,11,1, 7,11,1, 8,9,1, 8,12,1, 9,13,1, 10,12,1, 11,13,1, 12,13,1, 
n 256
s 0
14 21
0,1,1, 0,2,1, 0,3,1, 1,4,1, 1,5,1, 2,4,1, 2,6,1, 3,7,1, 3,8,1, 4,9,1, 5,7,1, 5,10,1, 6,10,1, 6,11,1, 7,12,1, 8,9,1, 8,11,1, 9,13,1, 10,13,1, 11,12,1, 12,13,1, 
n 144
s 0
14 21
0,1,1, 0,2,1, 0,3,1, 1,4,1, 1,5,1, 2,4,1, 2,6,1, 3,7,1, 3,8,1, 4,9,1, 5,7,1, 5,10,1, 6,10,1, 6,11,1, 7,12,1, 8,9,1, 8,11,1, 9,13,1, 10,12,1, 11,13,1, 12,13,1, 
n 136
s 0
14 21
0,1,1, 0,2,1, 0,3,1, 1,4,1, 1,5,1, 2,4,1, 2,6,1, 3,7,1, 3,8,1, 4,9,1, 5,7,1, 5,10,1, 6,10,1, 6,11,1, 7,12,1, 8,9,1, 8,13,1, 9,11,1, 10,13,1, 11,12,1, 12,13,1, 
n 84
s 0
14 21
0,1,1, 0,2,1, 0,3,1, 1,4,1, 1,5,1, 2,4,1, 2,6,1, 3,7,1, 3,8,1, 4,9,1, 5,7,1, 5,10,1, 6,10,1, 6,11,1, 7,12,1, 8,11,1, 8,12,1, 9,12,1, 9,13,1, 10,13,1, 11,13,1, 
n 144
s 0
14 21
0,1,1, 0,2,1, 0,3,1, 1,4,1, 1,5,1, 2,4,1, 2,6,1, 3,7,1, 3,8,1, 4,9,1, 5,7,1, 5,10,1, 6,10,1, 6,11,1, 7,12,1, 8,10,1, 8,13,1, 9,11,1, 9,13,1, 11,12,1, 12,13,1, 
n 144
s 0
14 21
0,1,1, 0,2,1, 0,3,1, 1,4,1, 1,5,1, 2,4,1, 2,6,1, 3,7,1, 3,8,1, 4,9,1, 5,7,1, 5,10,1, 6,11,1, 6,12,1, 7,11,1, 8,10,1, 8,12,1, 9,11,1, 9,13,1, 10,13,1, 12,13,1, 
n 58
s 0
14 21
0,1,1, 0,2,1, 0,3,1, 1,4,1, 1,5,1, 2,4,1, 2,6,1, 3,7,1, 3,8,1, 4,9,1, 5,7,1, 5,10,1, 6,10,1, 6,11,1, 7,12,1, 8,11,1, 8,13,1, 9,11,1, 9,12,1, 10,13,1, 12,13,1, 
n 136
s 0
14 21
0,1,1, 0,2,1, 0,3,1, 1,4,1, 1,5,1, 2,4,1, 2,6,1, 3,7,1, 3,8,1, 4,9,1, 5,7,1, 5,10,1, 6,11,1, 6,12,1, 7,11,1, 8,10,1, 8,13,1, 9,11,1, 9,13,1, 10,12,1, 12,13,1, 
n 54
s 0
14 21
0,1,1, 0,2,1, 0,3,1, 1,4,1, 1,5,1, 2,4,1, 2,6,1, 3,7,1, 3,8,1, 4,9,1, 5,7,1, 5,10,1, 6,10,1, 6,11,1, 7,12,1, 8,11,1, 8,13,1, 9,12,1, 9,13,1, 10,13,1, 11,12,1, 
n 256
s 0
14 21
0,1,1, 0,2,1, 0,3,1, 1,4,1, 1,5,1, 2,4,1, 2,6,1, 3,7,1, 3,8,1, 4,9,1, 5,7,1, 5,10,1, 6,11,1, 6,12,1, 7,11,1, 8,10,1, 8,12,1, 9,12,1, 9,13,1, 10,13,1, 11,13,1, 
n 144
s 0
14 21
0,1,1, 0,2,1, 0,3,1, 1,4,1, 1,5,1, 2,4,1, 2,6,1, 3,7,1, 3,8,1, 4,7,1, 5,9,1, 5,10,1, 6,9,1, 6,10,1, 7,11,1, 8,12,1, 8,13,1, 9,12,1, 10,13,1, 11,12,1, 11,13,1, 
n 37
s 0
14 21
0,1,1, 0,2,1, 0,3,1, 1,4,1, 1,5,1, 2,4,1, 2,6,1, 3,7,1, 3,8,1, 4,9,1, 5,7,1, 5,10,1, 6,11,1, 6,12,1, 7,11,1, 8,12,1, 8,13,1, 9,11,1, 9,13,1, 10,12,1, 10,13,1, 
n 96
s 0
14 21
0,1,1, 0,2,1, 0,3,1, 1,4,1, 1,5,1, 2,4,1, 2,6,1, 3,7,1, 3,8,1, 4,9,1, 5,7,1, 5,10,1, 6,11,1, 6,12,1, 7,11,1, 8,10,1, 8,13,1, 9,12,1, 9,13,1, 10,12,1, 11,13,1, 
n 136
s 0
14 21
0,1,1, 0,2,1, 0,3,1, 1,4,1, 1,5,1, 2,4,1, 2,6,1, 3,7,1, 3,8,1, 4,9,1, 5,10,1, 5,11,1, 6,10,1, 6,12,1, 7,9,1, 7,11,1, 8,10,1, 8,13,1, 9,13,1, 11,12,1, 12,13,1, 
n 144
s 0
14 21
0,1,1, 0,2,1, 0,3,1, 1,4,1, 1,5,1, 2,6,1, 2,7,1, 3,8,1, 3,9,1, 4,6,1, 4,8,1, 5,7,1, 5,10,1, 6,11,1, 7,12,1, 8,13,1, 9,10,1, 9,12,1, 10,13,1, 11,12,1, 11,13,1, 
n 84
s 0
14 21
0,1,1, 0,2,1, 0,3,1, 1,4,1, 1,5,1, 2,4,1, 2,6,1, 3,7,1, 3,8,1, 4,9,1, 5,10,1, 5,11,1, 6,10,1, 6,12,1, 7,9,1, 7,10,1, 8,11,1, 8,12,1, 9,13,1, 11,13,1, 12,13,1, 
n 34
s 0
14 21
0,1,1, 0,2,1, 0,3,1, 1,4,1, 1,5,1, 2,4,1, 2,6,1, 3,7,1, 3,8,1, 4,9,1, 5,10,1, 5,11,1, 6,10,1, 6,12,1, 7,9,1, 7,11,1, 8,10,1, 8,12,1, 9,13,1, 11,13,1, 12,13,1, 
n 60
s 0
14 21
0,1,1, 0,2,1, 0,3,1, 1,4,1, 1,5,1, 2,6,1, 2,7,1, 3,8,1, 3,9,1, 4,6,1, 4,8,1, 5,7,1, 5,10,1, 6,11,1, 7,12,1, 8,13,1, 9,10,1, 9,11,1, 10,13,1, 11,12,1, 12,13,1, 
n 144
s 0
14 21
0,1,1, 0,2,1, 0,3,1, 1,4,1, 1,5,1, 2,6,1, 2,7,1, 3,8,1, 3,9,1, 4,6,1, 4,10,1, 5,8,1, 5,11,1, 6,12,1, 7,9,1, 7,11,1, 8,12,1, 9,10,1, 10,13,1, 11,13,1, 12,13,1, 
n 37
s 0
14 21
0,1,1, 0,2,1, 0,3,1, 1,4,1, 1,5,1, 2,6,1, 2,7,1, 3,8,1, 3,9,1, 4,6,1, 4,8,1, 5,7,1, 5,10,1, 6,11,1, 7,12,1, 8,13,1, 9,11,1, 9,12,1, 10,11,1, 10,13,1, 12,13,1, 
n 84
s 0
14 21
0,1,1, 0,2,1, 0,3,1, 1,4,1, 1,5,1, 2,6,1, 2,7,1, 3,8,1, 3,9,1, 4,6,1, 4,8,1, 5,10,1, 5,11,1, 6,12,1, 7,9,1, 7,10,1, 8,13,1, 9,11,1, 10,12,1, 11,13,1, 12,13,1, 
n 51
s 0
14 21
0,1,1, 0,2,1, 0,3,1, 1,4,1, 1,5,1, 2,6,1, 2,7,1, 3,8,1, 3,9,1, 4,6,1, 4,8,1, 5,10,1, 5,11,1, 6,12,1, 7,9,1, 7,10,1, 8,13,1, 9,11,1, 10,13,1, 11,12,1, 12,13,1, 
n 84
s 0
14 21
0,1,1, 0,2,1, 0,3,1, 1,4,1, 1,5,1, 2,6,1, 2,7,1, 3,8,1, 3,9,1, 4,6,1, 4,8,1, 5,10,1, 5,11,1, 6,12,1, 7,10,1, 7,13,1, 8,13,1, 9,10,1, 9,12,1, 11,12,1, 11,13,1, 
n 51
s 0
14 21
0,1,1, 0,2,1, 0,3,1, 1,4,1, 1,5,1, 2,6,1, 2,7,1, 3,8,1, 3,9,1, 4,6,1, 4,10,1, 5,8,1, 5,11,1, 6,12,1, 7,9,1, 7,11,1, 8,12,1, 9,13,1, 10,11,1, 10,13,1, 12,13,1, 
n 36
s 0
14 21
0,1,1, 0,2,1, 0,3,1, 1,4,1, 1,5,1, 2,6,1, 2,7,1, 3,8,1, 3,9,1, 4,10,1, 4,11,1, 5,12,1, 5,13,1, 6,10,1, 6,12,1, 7,11,1, 7,13,1, 8,10,1, 8,13,1, 9,11,1, 9,12,1, 
n 7
s 0
14 21
0,1,1, 0,2,1, 0,3,1, 1,4,1, 1,5,1, 2,4,1, 2,6,1, 3,5,1, 3,7,1, 4,8,1, 5,9,1, 6,8,1, 6,10,1, 7,9,1, 7,11,1, 8,12,1, 9,13,1, 10,12,1, 10,13,1, 11,12,1, 11,13,1, 
n 27
s 0
