10 15
0,1,1, 0,2,1, 0,3,1, 1,2,1, 1,3,1, 2,4,1, 3,4,1, 4,5,1, 5,6,1, 5,7,1, 6,8,1, 6,9,1, 7,8,1, 7,9,1, 8,9,1, 
n 15
s 9
10 15
0,1,1, 0,2,1, 0,3,1, 1,2,1, 1,4,1, 2,5,1, 3,4,1, 3,6,1, 4,7,1, 5,6,1, 5,8,1, 6,9,1, 7,8,1, 7,9,1, 8,9,1, 
n 36
s 0
10 15
0,1,1, 0,2,1, 0,3,1, 1,2,1, 1,3,1, 2,4,1, 3,5,1, 4,5,1, 4,6,1, 5,7,1, 6,8,1, 6,9,1, 7,8,1, 7,9,1, 8,9,1, 
n 16
s 0
10 15
0,1,1, 0,2,1, 0,3,1, 1,2,1, 1,4,1, 2,5,1, 3,4,1, 3,6,1, 4,7,1, 5,8,1, 5,9,1, 6,7,1, 6,8,1, 7,9,1, 8,9,1, 
n 30
s 0
10 15
0,1,1, 0,2,1, 0,3,1, 1,2,1, 1,4,1, 2,5,1, 3,6,1, 3,7,1, 4,6,1, 4,8,1, 5,6,1, 5,9,1, 7,8,1, 7,9,1, 8,9,1, 
n 13
s 0
10 15
0,1,1, 0,2,1, 0,3,1, 1,2,1, 1,4,1, 2,5,1, 3,6,1, 3,7,1, 4,6,1, 4,8,1, 5,7,1, 5,8,1, 6,9,1, 7,9,1, 8,9,1, 
n 20
s 2
10 15
0,1,1, 0,2,1, 0,3,1, 1,2,1, 1,4,1, 2,5,1, 3,6,1, 3,7,1, 4,6,1, 4,8,1, 5,7,1, 5,9,1, 6,8,1, 7,9,1, 8,9,1, 
n 20
s 0
10 15
0,1,1, 0,2,1, 0,3,1, 1,2,1, 1,4,1, 2,5,1, 3,6,1, 3,7,1, 4,6,1, 4,7,1, 5,8,1, 5,9,1, 6,8,1, 7,9,1, 8,9,1, 
n 19
s 0
10 15
0,1,1, 0,2,1, 0,3,1, 1,2,1, 1,4,1, 2,5,1, 3,6,1, 3,7,1, 4,6,1, 4,8,1, 5,7,1, 5,9,1, 6,9,1, 7,8,1, 8,9,1, 
n 40
s 0
10 15
0,1,1, 0,2,1, 0,3,1, 1,4,1, 1,5,1, 2,4,1, 2,6,1, 3,5,1, 3,7,1, 4,8,1, 5,9,1, 6,7,1, 6,8,1, 7,9,1, 8,9,1, 
n 12
s 0
10 15
0,1,1, 0,2,1, 0,3,1, 1,2,1, 1,4,1, 2,5,1, 3,4,1, 3,6,1, 4,7,1, 5,8,1, 5,9,1, 6,8,1, 6,9,1, 7,8,1, 7,9,1, 
n 28
s 0
10 15
0,1,1, 0,2,1, 0,3,1, 1,4,1, 1,5,1, 2,4,1, 2,6,1, 3,5,1, 3,7,1, 4,8,1, 5,9,1, 6,7,1, 6,9,1, 7,8,1, 8,9,1, 
n 28
s 0
10 15
0,1,1, 0,2,1, 0,3,1, 1,4,1, 1,5,1, 2,4,1, 2,6,1, 3,7,1, 3,8,1, 4,7,1, 5,8,1, 5,9,1, 6,8,1, 6,9,1, 7,9,1, 
n 18
s 0
10 15
0,1,1, 0,2,1, 0,3,1, 1,2,1, 1,3,1, 2,4,1, 3,5,1, 4,6,1, 4,7,1, 5,6,1, 5,8,1, 6,9,1, 7,8,1, 7,9,1, 8,9,1, 
n 32
s 0
10 15
0,1,1, 0,2,1, 0,3,1, 1,4,1, 1,5,1, 2,6,1, 2,7,1, 3,8,1, 3,9,1, 4,6,1, 4,8,1, 5,7,1, 5,9,1, 6,9,1, 7,8,1, 
n 6
s 3
10 15
0,1,1, 0,2,1, 0,3,1, 1,4,1, 1,5,1, 2,4,1, 2,5,1, 3,6,1, 3,7,1, 4,8,1, 5,9,1, 6,8,1, 6,9,1, 7,8,1, 7,9,1, 
n 7
s 0
10 15
0,1,1, 0,2,1, 0,3,1, 1,4,1, 1,5,1, 2,4,1, 2,6,1, 3,5,1, 3,7,1, 4,8,1, 5,9,1, 6,8,1, 6,9,1, 7,8,1, 7,9,1, 
n 12
s 0
10 15
0,1,1, 0,2,1, 0,3,1, 1,2,1, 1,3,1, 2,4,1, 3,5,1, 4,6,1, 4,7,1, 5,8,1, 5,9,1, 6,7,1, 6,8,1, 7,9,1, 8,9,1, 
n 26
s 0
10 15
0,1,1, 0,2,1, 0,3,1, 1,2,1, 1,3,1, 2,4,1, 3,5,1, 4,6,1, 4,7,1, 5,8,1, 5,9,1, 6,8,1, 6,9,1, 7,8,1, 7,9,1, 
n 17
s 0
