12 18
0,1,1, 0,2,1, 0,3,1, 1,2,1, 1,3,1, 2,4,1, 3,4,1, 4,5,1, 5,6,1, 5,7,1, 6,8,1, 6,9,1, 7,8,1, 7,10,1, 8,11,1, 9,10,1, 9,11,1, 10,11,1, 
n 60
s 33
12 18
0,1,1, 0,2,1, 0,3,1, 1,2,1, 1,3,1, 2,4,1, 3,5,1, 4,5,1, 4,6,1, 5,7,1, 6,8,1, 6,9,1, 7,8,1, 7,10,1, 8,11,1, 9,10,1, 9,11,1, 10,11,1, 
n 64
s 0
12 18
0,1,1, 0,2,1, 0,3,1, 1,2,1, 1,3,1, 2,4,1, 3,4,1, 4,5,1, 5,6,1, 5,7,1, 6,8,1, 6,9,1, 7,10,1, 7,11,1, 8,10,1, 8,11,1, 9,10,1, 9,11,1, 
n 30
s 15
12 18
0,1,1, 0,2,1, 0,3,1, 1,2,1, 1,3,1, 2,4,1, 3,5,1, 4,5,1, 4,6,1, 5,7,1, 6,7,1, 6,8,1, 7,9,1, 8,10,1, 8,11,1, 9,10,1, 9,11,1, 10,11,1, 
n 32
s 0
12 18
0,1,1, 0,2,1, 0,3,1, 1,2,1, 1,3,1, 2,4,1, 3,4,1, 4,5,1, 5,6,1, 5,7,1, 6,8,1, 6,9,1, 7,10,1, 7,11,1, 8,9,1, 8,10,1, 9,11,1, 10,11,1, 
n 45
s 27
12 18
0,1,1, 0,2,1, 0,3,1, 1,2,1, 1,3,1, 2,4,1, 3,4,1, 4,5,1, 5,6,1, 5,7,1, 6,7,1, 6,8,1, 7,9,1, 8,10,1, 8,11,1, 9,10,1, 9,11,1, 10,11,1, 
n 50
s 26
12 18
0,1,1, 0,2,1, 0,3,1, 1,2,1, 1,3,1, 2,4,1, 3,5,1, 4,5,1, 4,6,1, 5,7,1, 6,8,1, 6,9,1, 7,10,1, 7,11,1, 8,9,1, 8,10,1, 9,11,1, 10,11,1, 
n 48
s 0
12 18
0,1,1, 0,2,1, 0,3,1, 1,2,1, 1,3,1, 2,4,1, 3,5,1, 4,6,1, 4,7,1, 5,6,1, 5,7,1, 6,8,1, 7,9,1, 8,10,1, 8,11,1, 9,10,1, 9,11,1, 10,11,1, 
n 23
s 0
12 18
0,1,1, 0,2,1, 0,3,1, 1,2,1, 1,3,1, 2,4,1, 3,5,1, 4,6,1, 4,7,1, 5,6,1, 5,8,1, 6,7,1, 7,9,1, 8,10,1, 8,11,1, 9,10,1, 9,11,1, 10,11,1, 
n 42
s 0
12 18
0,1,1, 0,2,1, 0,3,1, 1,2,1, 1,3,1, 2,4,1, 3,5,1, 4,6,1, 4,7,1, 5,6,1, 5,8,1, 6,9,1, 7,10,1, 7,11,1, 8,10,1, 8,11,1, 9,10,1, 9,11,1, 
n 38
s 0
12 18
0,1,1, 0,2,1, 0,3,1, 1,2,1, 1,3,1, 2,4,1, 3,5,1, 4,6,1, 4,7,1, 5,6,1, 5,8,1, 6,9,1, 7,8,1, 7,10,1, 8,11,1, 9,10,1, 9,11,1, 10,11,1, 
n 64
s 0
12 18
0,1,1, 0,2,1, 0,3,1, 1,2,1, 1,3,1, 2,4,1, 3,5,1, 4,6,1, 4,7,1, 5,6,1, 5,8,1, 6,9,1, 7,9,1, 7,10,1, 8,10,1, 8,11,1, 9,11,1, 10,11,1, 
n 96
s 0
12 18
0,1,1, 0,2,1, 0,3,1, 1,2,1, 1,3,1, 2,4,1, 3,5,1, 4,5,1, 4,6,1, 5,7,1, 6,8,1, 6,9,1, 7,10,1, 7,11,1, 8,10,1, 8,11,1, 9,10,1, 9,11,1, 
n 31
s 0
12 18
0,1,1, 0,2,1, 0,3,1, 1,2,1, 1,3,1, 2,4,1, 3,5,1, 4,6,1, 4,7,1, 5,8,1, 5,9,1, 6,7,1, 6,8,1, 7,10,1, 8,11,1, 9,10,1, 9,11,1, 10,11,1, 
n 96
s 0
12 18
0,1,1, 0,2,1, 0,3,1, 1,2,1, 1,3,1, 2,4,1, 3,5,1, 4,6,1, 4,7,1, 5,8,1, 5,9,1, 6,8,1, 6,10,1, 7,9,1, 7,11,1, 8,10,1, 9,11,1, 10,11,1, 
n 44
s 0
12 18
0,1,1, 0,2,1, 0,3,1, 1,2,1, 1,3,1, 2,4,1, 3,5,1, 4,6,1, 4,7,1, 5,8,1, 5,9,1, 6,7,1, 6,10,1, 7,11,1, 8,9,1, 8,10,1, 9,11,1, 10,11,1, 
n 48
s 0
12 18
0,1,1, 0,2,1, 0,3,1, 1,2,1, 1,3,1, 2,4,1, 3,5,1, 4,6,1, 4,7,1, 5,8,1, 5,9,1, 6,8,1, 6,9,1, 7,10,1, 7,11,1, 8,10,1, 9,11,1, 10,11,1, 
n 64
s 0
12 18
0,1,1, 0,2,1, 0,3,1, 1,2,1, 1,3,1, 2,4,1, 3,5,1, 4,6,1, 4,7,1, 5,8,1, 5,9,1, 6,8,1, 6,10,1, 7,9,1, 7,10,1, 8,11,1, 9,11,1, 10,11,1, 
n 44
s 2
12 18
0,1,1, 0,2,1, 0,3,1, 1,2,1, 1,4,1, 2,5,1, 3,4,1, 3,5,1, 4,6,1, 5,7,1, 6,8,1, 6,9,1, 7,8,1, 7,10,1, 8,11,1, 9,10,1, 9,11,1, 10,11,1, 
n 48
s 0
12 18
0,1,1, 0,2,1, 0,3,1, 1,2,1, 1,3,1, 2,4,1, 3,5,1, 4,6,1, 4,7,1, 5,8,1, 5,9,1, 6,8,1, 6,10,1, 7,9,1, 7,11,1, 8,11,1, 9,10,1, 10,11,1, 
n 44
s 0
12 18
0,1,1, 0,2,1, 0,3,1, 1,2,1, 1,3,1, 2,4,1, 3,5,1, 4,6,1, 4,7,1, 5,8,1, 5,9,1, 6,8,1, 6,10,1, 7,10,1, 7,11,1, 8,11,1, 9,10,1, 9,11,1, 
n 56
s 0
12 18
0,1,1, 0,2,1, 0,3,1, 1,2,1, 1,4,1, 2,5,1, 3,4,1, 3,5,1, 4,6,1, 5,7,1, 6,8,1, 6,9,1, 7,10,1, 7,11,1, 8,9,1, 8,10,1, 9,11,1, 10,11,1, 
n 60
s 0
12 18
0,1,1, 0,2,1, 0,3,1, 1,2,1, 1,4,1, 2,5,1, 3,4,1, 3,6,1, 4,7,1, 5,6,1, 5,8,1, 6,9,1, 7,8,1, 7,10,1, 8,11,1, 9,10,1, 9,11,1, 10,11,1, 
n 72
s 0
12 18
0,1,1, 0,2,1, 0,3,1, 1,2,1, 1,3,1, 2,4,1, 3,5,1, 4,6,1, 4,7,1, 5,8,1, 5,9,1, 6,7,1, 6,10,1, 7,11,1, 8,10,1, 8,11,1, 9,10,1, 9,11,1, 
n 48
s 0
12 18
0,1,1, 0,2,1, 0,3,1, 1,2,1, 1,4,1, 2,5,1, 3,4,1, 3,6,1, 4,7,1, 5,6,1, 5,8,1, 6,9,1, 7,9,1, 7,10,1, 8,10,1, 8,11,1, 9,11,1, 10,11,1, 
n 72
s 0
12 18
0,1,1, 0,2,1, 0,3,1, 1,2,1, 1,4,1, 2,5,1, 3,4,1, 3,6,1, 4,6,1, 5,7,1, 5,8,1, 6,9,1, 7,8,1, 7,10,1, 8,11,1, 9,10,1, 9,11,1, 10,11,1, 
n 31
s 0
12 18
0,1,1, 0,2,1, 0,3,1, 1,2,1, 1,4,1, 2,5,1, 3,4,1, 3,6,1, 4,7,1, 5,6,1, 5,8,1, 6,9,1, 7,10,1, 7,11,1, 8,9,1, 8,10,1, 9,11,1, 10,11,1, 
n 128
s 0
12 18
0,1,1, 0,2,1, 0,3,1, 1,2,1, 1,4,1, 2,5,1, 3,4,1, 3,6,1, 4,7,1, 5,6,1, 5,8,1, 6,9,1, 7,10,1, 7,11,1, 8,10,1, 8,11,1, 9,10,1, 9,11,1, 
n 80
s 0
12 18
0,1,1, 0,2,1, 0,3,1, 1,2,1, 1,4,1, 2,5,1, 3,4,1, 3,5,1, 4,6,1, 5,7,1, 6,8,1, 6,9,1, 7,10,1, 7,11,1, 8,10,1, 8,11,1, 9,10,1, 9,11,1, 
n 38
s 0
12 18
0,1,1, 0,2,1, 0,3,1, 1,2,1, 1,3,1, 2,4,1, 3,5,1, 4,6,1, 4,7,1, 5,8,1, 5,9,1, 6,7,1, 6,10,1, 7,10,1, 8,9,1, 8,11,1, 9,11,1, 10,11,1, 
n 20
s 0
12 18
0,1,1, 0,2,1, 0,3,1, 1,2,1, 1,4,1, 2,5,1, 3,4,1, 3,6,1, 4,7,1, 5,8,1, 5,9,1, 6,8,1, 6,9,1, 7,10,1, 7,11,1, 8,10,1, 9,11,1, 10,11,1, 
n 80
s 0
12 18
0,1,1, 0,2,1, 0,3,1, 1,2,1, 1,4,1, 2,5,1, 3,4,1, 3,6,1, 4,7,1, 5,8,1, 5,9,1, 6,8,1, 6,10,1, 7,8,1, 7,11,1, 9,10,1, 9,11,1, 10,11,1, 
n 80
s 0
12 18
0,1,1, 0,2,1, 0,3,1, 1,2,1, 1,4,1, 2,5,1, 3,4,1, 3,6,1, 4,7,1, 5,8,1, 5,9,1, 6,8,1, 6,10,1, 7,9,1, 7,10,1, 8,11,1, 9,11,1, 10,11,1, 
n 80
s 3
12 18
0,1,1, 0,2,1, 0,3,1, 1,2,1, 1,4,1, 2,5,1, 3,4,1, 3,6,1, 4,7,1, 5,8,1, 5,9,1, 6,7,1, 6,10,1, 7,11,1, 8,9,1, 8,10,1, 9,11,1, 10,11,1, 
n 56
s 0
12 18
0,1,1, 0,2,1, 0,3,1, 1,2,1, 1,4,1, 2,5,1, 3,4,1, 3,6,1, 4,7,1, 5,8,1, 5,9,1, 6,8,1, 6,10,1, 7,9,1, 7,11,1, 8,10,1, 9,11,1, 10,11,1, 
n 80
s 0
12 18
0,1,1, 0,2,1, 0,3,1, 1,2,1, 1,4,1, 2,5,1, 3,4,1, 3,6,1, 4,7,1, 5,8,1, 5,9,1, 6,8,1, 6,10,1, 7,10,1, 7,11,1, 8,11,1, 9,10,1, 9,11,1, 
n 128
s 0
12 18
0,1,1, 0,2,1, 0,3,1, 1,2,1, 1,4,1, 2,5,1, 3,4,1, 3,6,1, 4,7,1, 5,8,1, 5,9,1, 6,8,1, 6,10,1, 7,9,1, 7,11,1, 8,11,1, 9,10,1, 10,11,1, 
n 80
s 0
12 18
0,1,1, 0,2,1, 0,3,1, 1,2,1, 1,4,1, 2,5,1, 3,4,1, 3,6,1, 4,7,1, 5,8,1, 5,9,1, 6,8,1, 6,10,1, 7,10,1, 7,11,1, 8,9,1, 9,11,1, 10,11,1, 
n 128
s 0
12 18
0,1,1, 0,2,1, 0,3,1, 1,2,1, 1,4,1, 2,5,1, 3,6,1, 3,7,1, 4,6,1, 4,8,1, 5,7,1, 5,8,1, 6,9,1, 7,10,1, 8,11,1, 9,10,1, 9,11,1, 10,11,1, 
n 26
s 3
12 18
0,1,1, 0,2,1, 0,3,1, 1,2,1, 1,4,1, 2,5,1, 3,6,1, 3,7,1, 4,6,1, 4,8,1, 5,7,1, 5,9,1, 6,9,1, 7,10,1, 8,10,1, 8,11,1, 9,11,1, 10,11,1, 
n 72
s 0
12 18
0,1,1, 0,2,1, 0,3,1, 1,2,1, 1,4,1, 2,5,1, 3,4,1, 3,6,1, 4,6,1, 5,7,1, 5,8,1, 6,9,1, 7,10,1, 7,11,1, 8,10,1, 8,11,1, 9,10,1, 9,11,1, 
n 32
s 0
12 18
0,1,1, 0,2,1, 0,3,1, 1,2,1, 1,4,1, 2,5,1, 3,6,1, 3,7,1, 4,6,1, 4,8,1, 5,7,1, 5,9,1, 6,10,1, 7,10,1, 8,9,1, 8,11,1, 9,11,1, 10,11,1, 
n 48
s 3
12 18
0,1,1, 0,2,1, 0,3,1, 1,2,1, 1,4,1, 2,5,1, 3,6,1, 3,7,1, 4,6,1, 4,8,1, 5,7,1, 5,9,1, 6,10,1, 7,11,1, 8,9,1, 8,10,1, 9,11,1, 10,11,1, 
n 80
s 0
12 18
0,1,1, 0,2,1, 0,3,1, 1,2,1, 1,4,1, 2,5,1, 3,6,1, 3,7,1, 4,6,1, 4,8,1, 5,7,1, 5,9,1, 6,10,1, 7,11,1, 8,9,1, 8,11,1, 9,10,1, 10,11,1, 
n 80
s 0
12 18
0,1,1, 0,2,1, 0,3,1, 1,2,1, 1,4,1, 2,5,1, 3,6,1, 3,7,1, 4,6,1, 4,8,1, 5,6,1, 5,9,1, 7,10,1, 7,11,1, 8,10,1, 8,11,1, 9,10,1, 9,11,1, 
n 22
s 0
12 18
0,1,1, 0,2,1, 0,3,1, 1,2,1, 1,4,1, 2,5,1, 3,6,1, 3,7,1, 4,6,1, 4,8,1, 5,7,1, 5,9,1, 6,10,1, 7,11,1, 8,10,1, 8,11,1, 9,10,1, 9,11,1, 
n 72
s 0
12 18
0,1,1, 0,2,1, 0,3,1, 1,2,1, 1,4,1, 2,5,1, 3,6,1, 3,7,1, 4,6,1, 4,8,1, 5,9,1, 5,10,1, 6,9,1, 7,8,1, 7,11,1, 8,11,1, 9,10,1, 10,11,1, 
n 48
s 0
12 18
0,1,1, 0,2,1, 0,3,1, 1,2,1, 1,4,1, 2,5,1, 3,6,1, 3,7,1, 4,6,1, 4,8,1, 5,9,1, 5,10,1, 6,7,1, 7,11,1, 8,9,1, 8,10,1, 9,11,1, 10,11,1, 
n 48
s 0
12 18
0,1,1, 0,2,1, 0,3,1, 1,2,1, 1,4,1, 2,5,1, 3,6,1, 3,7,1, 4,6,1, 4,8,1, 5,9,1, 5,10,1, 6,9,1, 7,8,1, 7,10,1, 8,11,1, 9,11,1, 10,11,1, 
n 128
s 0
12 18
0,1,1, 0,2,1, 0,3,1, 1,2,1, 1,4,1, 2,5,1, 3,6,1, 3,7,1, 4,6,1, 4,8,1, 5,9,1, 5,10,1, 6,9,1, 7,9,1, 7,11,1, 8,10,1, 8,11,1, 10,11,1, 
n 72
s 0
12 18
0,1,1, 0,2,1, 0,3,1, 1,2,1, 1,4,1, 2,5,1, 3,4,1, 3,6,1, 4,7,1, 5,8,1, 5,9,1, 6,7,1, 6,10,1, 7,11,1, 8,10,1, 8,11,1, 9,10,1, 9,11,1, 
n 56
s 0
12 18
0,1,1, 0,2,1, 0,3,1, 1,2,1, 1,4,1, 2,5,1, 3,6,1, 3,7,1, 4,6,1, 4,7,1, 5,8,1, 5,9,1, 6,10,1, 7,11,1, 8,10,1, 8,11,1, 9,10,1, 9,11,1, 
n 36
s 0
12 18
0,1,1, 0,2,1, 0,3,1, 1,2,1, 1,4,1, 2,5,1, 3,6,1, 3,7,1, 4,6,1, 4,8,1, 5,9,1, 5,10,1, 6,9,1, 7,10,1, 7,11,1, 8,10,1, 8,11,1, 9,11,1, 
n 72
s 0
12 18
0,1,1, 0,2,1, 0,3,1, 1,2,1, 1,4,1, 2,5,1, 3,6,1, 3,7,1, 4,6,1, 4,8,1, 5,9,1, 5,10,1, 6,11,1, 7,8,1, 7,9,1, 8,11,1, 9,10,1, 10,11,1, 
n 72
s 0
12 18
0,1,1, 0,2,1, 0,3,1, 1,2,1, 1,4,1, 2,5,1, 3,6,1, 3,7,1, 4,6,1, 4,8,1, 5,9,1, 5,10,1, 6,11,1, 7,8,1, 7,9,1, 8,10,1, 9,11,1, 10,11,1, 
n 80
s 0
12 18
0,1,1, 0,2,1, 0,3,1, 1,2,1, 1,4,1, 2,5,1, 3,6,1, 3,7,1, 4,6,1, 4,8,1, 5,9,1, 5,10,1, 6,11,1, 7,9,1, 7,11,1, 8,10,1, 8,11,1, 9,10,1, 
n 52
s 2
12 18
0,1,1, 0,2,1, 0,3,1, 1,2,1, 1,4,1, 2,5,1, 3,6,1, 3,7,1, 4,8,1, 4,9,1, 5,10,1, 5,11,1, 6,7,1, 6,8,1, 7,10,1, 8,11,1, 9,10,1, 9,11,1, 
n 52
s 0
12 18
0,1,1, 0,2,1, 0,3,1, 1,2,1, 1,4,1, 2,5,1, 3,6,1, 3,7,1, 4,8,1, 4,9,1, 5,10,1, 5,11,1, 6,7,1, 6,8,1, 7,10,1, 8,9,1, 9,11,1, 10,11,1, 
n 19
s 0
12 18
0,1,1, 0,2,1, 0,3,1, 1,2,1, 1,4,1, 2,5,1, 3,6,1, 3,7,1, 4,6,1, 4,8,1, 5,9,1, 5,10,1, 6,11,1, 7,9,1, 7,10,1, 8,9,1, 8,11,1, 10,11,1, 
n 128
s 0
12 18
0,1,1, 0,2,1, 0,3,1, 1,2,1, 1,4,1, 2,5,1, 3,6,1, 3,7,1, 4,8,1, 4,9,1, 5,10,1, 5,11,1, 6,8,1, 6,10,1, 7,9,1, 7,11,1, 8,10,1, 9,11,1, 
n 14
s 0
12 18
0,1,1, 0,2,1, 0,3,1, 1,2,1, 1,4,1, 2,5,1, 3,6,1, 3,7,1, 4,8,1, 4,9,1, 5,10,1, 5,11,1, 6,8,1, 6,10,1, 7,9,1, 7,11,1, 8,11,1, 9,10,1, 
n 26
s 7
12 18
0,1,1, 0,2,1, 0,3,1, 1,2,1, 1,4,1, 2,5,1, 3,6,1, 3,7,1, 4,8,1, 4,9,1, 5,10,1, 5,11,1, 6,8,1, 6,9,1, 7,10,1, 7,11,1, 8,10,1, 9,11,1, 
n 48
s 0
12 18
0,1,1, 0,2,1, 0,3,1, 1,4,1, 1,5,1, 2,4,1, 2,6,1, 3,5,1, 3,7,1, 4,8,1, 5,9,1, 6,7,1, 6,10,1, 7,11,1, 8,9,1, 8,10,1, 9,11,1, 10,11,1, 
n 31
s 0
12 18
0,1,1, 0,2,1, 0,3,1, 1,2,1, 1,4,1, 2,5,1, 3,4,1, 3,6,1, 4,7,1, 5,8,1, 5,9,1, 6,10,1, 6,11,1, 7,10,1, 7,11,1, 8,9,1, 8,10,1, 9,11,1, 
n 56
s 0
12 18
0,1,1, 0,2,1, 0,3,1, 1,4,1, 1,5,1, 2,4,1, 2,5,1, 3,6,1, 3,7,1, 4,8,1, 5,9,1, 6,8,1, 6,10,1, 7,9,1, 7,10,1, 8,11,1, 9,11,1, 10,11,1, 
n 22
s 1
12 18
0,1,1, 0,2,1, 0,3,1, 1,4,1, 1,5,1, 2,4,1, 2,6,1, 3,5,1, 3,7,1, 4,8,1, 5,9,1, 6,7,1, 6,10,1, 7,11,1, 8,10,1, 8,11,1, 9,10,1, 9,11,1, 
n 72
s 0
12 18
0,1,1, 0,2,1, 0,3,1, 1,4,1, 1,5,1, 2,4,1, 2,5,1, 3,6,1, 3,7,1, 4,8,1, 5,9,1, 6,8,1, 6,10,1, 7,9,1, 7,11,1, 8,11,1, 9,10,1, 10,11,1, 
n 48
s 0
12 18
0,1,1, 0,2,1, 0,3,1, 1,4,1, 1,5,1, 2,4,1, 2,6,1, 3,5,1, 3,7,1, 4,8,1, 5,9,1, 6,8,1, 6,10,1, 7,9,1, 7,10,1, 8,11,1, 9,11,1, 10,11,1, 
n 21
s 0
12 18
0,1,1, 0,2,1, 0,3,1, 1,4,1, 1,5,1, 2,4,1, 2,6,1, 3,5,1, 3,7,1, 4,8,1, 5,9,1, 6,7,1, 6,10,1, 7,11,1, 8,9,1, 8,11,1, 9,10,1, 10,11,1, 
n 52
s 0
12 18
0,1,1, 0,2,1, 0,3,1, 1,4,1, 1,5,1, 2,4,1, 2,6,1, 3,5,1, 3,7,1, 4,8,1, 5,9,1, 6,8,1, 6,10,1, 7,10,1, 7,11,1, 8,11,1, 9,10,1, 9,11,1, 
n 52
s 0
12 18
0,1,1, 0,2,1, 0,3,1, 1,4,1, 1,5,1, 2,4,1, 2,6,1, 3,5,1, 3,7,1, 4,8,1, 5,9,1, 6,9,1, 6,10,1, 7,8,1, 7,10,1, 8,11,1, 9,11,1, 10,11,1, 
n 31
s 0
12 18
0,1,1, 0,2,1, 0,3,1, 1,4,1, 1,5,1, 2,4,1, 2,6,1, 3,7,1, 3,8,1, 4,7,1, 5,6,1, 5,9,1, 6,10,1, 7,11,1, 8,9,1, 8,10,1, 9,11,1, 10,11,1, 
n 22
s 0
12 18
0,1,1, 0,2,1, 0,3,1, 1,4,1, 1,5,1, 2,4,1, 2,6,1, 3,5,1, 3,7,1, 4,8,1, 5,9,1, 6,9,1, 6,10,1, 7,10,1, 7,11,1, 8,10,1, 8,11,1, 9,11,1, 
n 72
s 0
12 18
0,1,1, 0,2,1, 0,3,1, 1,4,1, 1,5,1, 2,4,1, 2,6,1, 3,7,1, 3,8,1, 4,7,1, 5,8,1, 5,9,1, 6,9,1, 6,10,1, 7,11,1, 8,10,1, 9,11,1, 10,11,1, 
n 72
s 0
12 18
0,1,1, 0,2,1, 0,3,1, 1,4,1, 1,5,1, 2,4,1, 2,6,1, 3,7,1, 3,8,1, 4,9,1, 5,7,1, 5,10,1, 6,7,1, 6,11,1, 8,9,1, 8,10,1, 9,11,1, 10,11,1, 
n 72
s 0
12 18
0,1,1, 0,2,1, 0,3,1, 1,4,1, 1,5,1, 2,4,1, 2,6,1, 3,7,1, 3,8,1, 4,9,1, 5,7,1, 5,10,1, 6,7,1, 6,11,1, 8,10,1, 8,11,1, 9,10,1, 9,11,1, 
n 44
s 0
12 18
0,1,1, 0,2,1, 0,3,1, 1,4,1, 1,5,1, 2,4,1, 2,6,1, 3,7,1, 3,8,1, 4,9,1, 5,7,1, 5,10,1, 6,8,1, 6,11,1, 7,11,1, 8,10,1, 9,10,1, 9,11,1, 
n 31
s 0
12 18
0,1,1, 0,2,1, 0,3,1, 1,4,1, 1,5,1, 2,4,1, 2,6,1, 3,7,1, 3,8,1, 4,7,1, 5,9,1, 5,10,1, 6,9,1, 6,10,1, 7,11,1, 8,9,1, 8,11,1, 10,11,1, 
n 34
s 0
12 18
0,1,1, 0,2,1, 0,3,1, 1,4,1, 1,5,1, 2,6,1, 2,7,1, 3,8,1, 3,9,1, 4,6,1, 4,8,1, 5,7,1, 5,9,1, 6,10,1, 7,11,1, 8,11,1, 9,10,1, 10,11,1, 
n 18
s 0
12 18
0,1,1, 0,2,1, 0,3,1, 1,4,1, 1,5,1, 2,6,1, 2,7,1, 3,8,1, 3,9,1, 4,6,1, 4,8,1, 5,7,1, 5,10,1, 6,11,1, 7,9,1, 8,10,1, 9,11,1, 10,11,1, 
n 16
s 0
12 18
0,1,1, 0,2,1, 0,3,1, 1,4,1, 1,5,1, 2,4,1, 2,6,1, 3,7,1, 3,8,1, 4,9,1, 5,7,1, 5,10,1, 6,10,1, 6,11,1, 7,11,1, 8,9,1, 8,10,1, 9,11,1, 
n 52
s 0
12 18
0,1,1, 0,2,1, 0,3,1, 1,4,1, 1,5,1, 2,4,1, 2,6,1, 3,7,1, 3,8,1, 4,9,1, 5,10,1, 5,11,1, 6,10,1, 6,11,1, 7,9,1, 7,10,1, 8,9,1, 8,11,1, 
n 14
s 0
12 18
0,1,1, 0,2,1, 0,3,1, 1,4,1, 1,5,1, 2,4,1, 2,5,1, 3,6,1, 3,7,1, 4,6,1, 5,8,1, 6,9,1, 7,10,1, 7,11,1, 8,10,1, 8,11,1, 9,10,1, 9,11,1, 
n 22
s 0
12 18
0,1,1, 0,2,1, 0,3,1, 1,4,1, 1,5,1, 2,4,1, 2,6,1, 3,5,1, 3,7,1, 4,8,1, 5,9,1, 6,8,1, 6,10,1, 7,9,1, 7,11,1, 8,11,1, 9,10,1, 10,11,1, 
n 18
s 0
12 18
0,1,1, 0,2,1, 0,3,1, 1,4,1, 1,5,1, 2,4,1, 2,5,1, 3,4,1, 3,6,1, 5,7,1, 6,8,1, 6,9,1, 7,10,1, 7,11,1, 8,10,1, 8,11,1, 9,10,1, 9,11,1, 
n 14
s 0
